Participant p001v2visit number -1
Stimuli number 1
Scanner Trigger at time 21000
run_number	trial_number	trial_type	outcome_type	side_type	left_stim	right_stim	stim_onset	choice_onset	interval_onset	outcome_onset	ITI_onset	button_pressed	side_chosen	trial_outcome	total	reaction_time	win_out	loss_out
1	1	1	1	0	A	D	2	14	2171	3195	5214	7	1	0	1	2155	0	
1	2	2	1	1	C	H	6233	6247	6850	7881	9897	7	1	-1	0.8	602		1
1	3	2	1	0	H	C	10914	10930	11786	12813	14830	8	0	-1	0.6	855		1
1	4	1	0	1	D	A	15848	15863	16738	17761	19780	8	0	1	0.8	874	0	
1	5	1	1	1	D	A	20798	20813	21562	22597	24612	8	0	0	0.8	749	0	
1	6	2	1	0	H	C	25632	25645	26274	27294	29312	7	1	0	0.8	628		0
1	7	2	1	1	C	H	30329	30345	31170	32194	34212	8	0	0	0.8	824		0
1	8	1	1	0	A	D	35229	35245	35986	37009	39028	8	0	1	1	741	1	
1	9	2	0	1	C	H	40045	40061	40858	41892	43911	8	0	-1	0.8	796		0
1	10	1	1	1	D	A	44928	44944	45618	46641	48660	7	1	1	1	673	1	
1	11	2	1	0	H	C	49678	49693	50554	51575	53593	7	1	0	1	860		0
1	12	1	0	0	A	D	54611	54626	55154	56175	58193	8	0	0	1	527	1	
1	13	1	1	1	D	A	59210	59226	61314	62340	64359	7	1	1	1.2	2087	1	
1	14	2	0	0	H	C	65377	65392	66186	67206	69225	7	1	-1	1	793		0
1	15	2	1	1	C	H	70243	70258	70946	71973	73991	8	0	0	1	687		0
1	16	1	1	0	A	D	75009	75025	75642	76672	78691	8	0	1	1.2	617	1	
1	17	2	0	1	C	H	79709	79724	80314	81338	83357	8	0	-1	1	589		0
1	18	1	1	1	D	A	84375	84390	85810	86838	88857	7	1	1	1.2	1419	1	
1	19	2	1	0	H	C	89874	89890	90570	91605	93623	7	1	0	1.2	679		0
1	20	1	1	1	D	A	94641	94656	95482	96505	98523	7	1	1	1.4	825	1	
1	21	2	1	0	H	C	99540	99556	100890	101921	103939	7	1	0	1.4	1333		0
1	22	1	1	0	A	D	104957	104972	107498	108522	110538	8	0	1	1.6	2525	1	
1	23	2	0	1	C	H	111556	111571	112058	113088	115105	8	0	-1	1.4	486		0
1	24	2	1	1	C	H	116123	116138	116618	117652	119671	8	0	0	1.4	479		0
1	25	1	0	0	A	D	120688	120704	121722	122753	124770	8	0	0	1.4	1017	1	
1	26	1	1	1	D	A	125788	125803	126706	127738	129753	7	1	1	1.6	902	1	
1	27	2	1	0	H	C	130771	130786	131506	132535	134553	7	1	0	1.6	719		0
1	28	1	1	0	A	D	135570	135586	136658	137684	139702	8	0	1	1.8	1071	1	
1	29	2	1	1	C	H	140720	140735	141834	142867	144885	8	0	0	1.8	1098		0
1	30	1	0	1	D	A	145903	145918	147170	148201	150218	7	1	0	1.8	1251	1	
1	31	2	1	0	H	C	151236	151251	152034	153067	155084	7	1	0	1.8	782		0
1	32	2	0	0	H	C	156103	156117	156314	157349	159367	8	0	0	1.8	196		1
1	33	1	1	1	D	A	160385	160400	161074	162098	164117	7	1	1	2	673	1	
1	34	1	0	0	A	D	165134	165150	166538	167568	169583	8	0	0	2	1387	1	
1	35	2	1	1	C	H	170601	170616	171042	172065	174083	8	0	0	2	425		0
1	36	1	1	1	D	A	175100	175116	176098	177131	179149	7	1	1	2.2	981	1	
1	37	2	0	0	H	C	180166	180182	181210	182229	184249	7	1	-1	2	1027		0
1	38	1	1	0	A	D	185266	185282	186194	187213	189231	8	0	1	2.2	911	1	
1	39	2	1	1	C	H	190249	190264	191170	192196	194214	8	0	0	2.2	905		0
1	40	1	1	0	A	D	195232	195247	196026	197048	199064	8	0	1	2.4	778	1	
1	41	1	0	1	D	A	200081	200097	200938	201962	203980	7	1	0	2.4	840	1	
1	42	2	1	0	H	C	204998	205013	208370	209395	211413	7	1	0	2.4	3356		0
1	43	1	1	0	A	D	212430	212446	213074	214094	216112	8	0	1	2.6	627	1	
1	44	2	0	1	C	H	217130	217145	217898	218927	220945	8	0	-1	2.4	751		0
1	45	2	1	1	C	H	221964	221978	223362	224394	226412	8	0	0	2.4	1383		0
1	46	1	1	0	A	D	227429	227445	227770	228793	230811	8	0	1	2.6	324	1	
1	47	2	1	0	H	C	231829	231844	232682	233709	235727	7	1	0	2.6	837		0
1	48	2	1	1	C	H	236745	236760	238074	239109	241127	8	0	0	2.6	1312		0
1	49	1	0	1	D	A	242144	242160	243018	244042	246060	7	1	0	2.6	857	1	
1	50	1	1	0	A	D	247078	247093	250914	251941	253959	8	0	1	2.8	3820	1	
1	51	2	1	0	H	C	254977	254992	264378	265407	267425	7	1	0	2.8	9385		0
1	52	2	0	1	C	H	268442	268458	268970	269989	272008	8	0	-1	2.6	511		0
1	53	1	1	1	D	A	273025	273041	273898	274923	276940	7	1	1	2.8	857	1	
1	54	1	1	1	D	A	277959	277974	278498	279522	281540	7	1	1	3	523	1	
1	55	2	1	0	H	C	282557	282573	283210	284239	286256	7	1	0	3	636		0
1	56	1	1	0	A	D	287274	287289	287874	288904	290923	8	0	1	3.2	583	1	
1	57	1	0	1	D	A	291940	291956	292802	293837	295855	7	1	0	3.2	845	1	
1	58	2	0	0	H	C	296873	296889	297578	298602	300622	7	1	-1	3	688		0
1	59	2	1	1	C	H	301639	301655	302410	303436	305455	8	0	0	3	754		0
1	60	1	0	0	A	D	306472	306488	307370	308403	310421	8	0	0	3	881	1	
2	1	2	1	0	P	N	313538	313554	315314	316334	318354	8	0	-1	0.8	1759		1
2	2	1	1	1	X	K	319372	319387	320850	321884	323903	8	0	0	0.8	1462	0	
2	3	1	1	0	K	X	324921	324936	326274	327302	329319	7	1	0	0.8	1337	0	
2	4	2	0	1	N	P	330337	330352	331578	332600	334619	8	0	-1	0.6	1225		0
2	5	2	1	1	N	P	335638	335652	336586	337617	339635	7	1	-1	0.4	933		1
2	6	1	1	0	K	X	340652	340668	341754	342784	344801	8	0	1	0.6	1085	1	
2	7	1	1	1	X	K	345819	345834	347202	348235	350251	7	1	1	0.8	1367	1	
2	8	2	1	0	P	N	351268	351284	353866	354898	356917	7	1	0	0.8	2581		0
2	9	1	0	1	X	K	357934	357950	358746	359782	361800	7	1	0	0.8	795	1	
2	10	2	1	1	N	P	362817	362833	364170	365199	367216	8	0	0	0.8	1336		0
2	11	1	1	0	K	X	368233	368249	369218	370246	372265	8	0	1	1	968	1	
2	12	2	0	0	P	N	373283	373299	375066	376095	378115	7	1	-1	0.8	1766		0
2	13	2	1	1	N	P	379133	379148	380178	381214	383231	8	0	0	0.8	1029		0
2	14	1	0	0	K	X	384248	384264	385066	386097	388114	8	0	0	0.8	800	1	
2	15	1	1	1	X	K	389132	389147	389858	390878	392897	7	1	1	1	710	1	
2	16	2	1	0	P	N	393914	393930	394786	395811	397830	7	1	0	1	855		0
2	17	1	0	1	X	K	398847	398863	399650	400678	402696	7	1	0	1	786	1	
2	18	2	1	1	N	P	403714	403729	407122	408144	410162	8	0	0	1	3392		0
2	19	1	1	0	K	X	411180	411195	415834	416859	418878	8	0	1	1.2	4637	1	
2	20	2	1	1	N	P	419896	419911	421010	422043	424061	8	0	0	1.2	1097		0
2	21	1	1	0	K	X	425079	425094	425906	426925	428944	8	0	1	1.4	811	1	
2	22	2	1	0	P	N	429961	429977	431266	432292	434310	7	1	0	1.4	1288		0
2	23	1	0	1	X	K	435328	435343	449506	450541	452558	7	1	0	1.4	14161	1	
2	24	1	1	1	X	K	453577	453592	454234	455256	457275	7	1	1	1.6	641	1	
2	25	2	0	0	P	N	458292	458308	459250	460272	462291	7	1	-1	1.4	941		0
2	26	2	1	1	N	P	463308	463324	464106	465139	467157	8	0	0	1.4	781		0
2	27	1	1	0	K	X	468175	468190	469497	470522	472540	8	0	1	1.6	1306	1	
2	28	2	1	0	P	N	473558	473573	476626	477654	479673	7	1	0	1.6	3051		0
2	29	1	1	1	X	K	480690	480706	481625	482654	484672	7	1	1	1.8	919	1	
2	30	2	0	1	N	P	485690	485705	490673	491703	493722	8	0	-1	1.6	4967		0
2	31	1	1	0	K	X	494739	494755	495786	496819	498838	8	0	1	1.8	1030	1	
2	32	1	0	0	K	X	499856	499871	500369	501402	503421	8	0	0	1.8	498	1	
2	33	2	1	1	N	P	504438	504454	506266	507286	509304	8	0	0	1.8	1811		0
2	34	2	0	0	P	N	510321	510337	511305	512334	514353	7	1	-1	1.6	968		0
2	35	1	1	1	X	K	515371	515386	517514	518534	520553	7	1	1	1.8	2126	1	
2	36	2	1	1	N	P	521570	521586	527562	528584	530602	8	0	0	1.8	5975		0
2	37	1	0	0	K	X	531619	531635	532834	533867	535885	8	0	0	1.8	1198	1	
2	38	2	1	0	P	N	536902	536918	540994	542016	544034	7	1	0	1.8	4075		0
2	39	1	1	1	X	K	545051	545067	546946	547964	549983	7	1	1	2	1878	1	
2	40	2	1	0	P	N	551001	551016	557602	558631	560649	7	1	0	2	6584		0
2	41	2	0	1	N	P	561667	561682	562553	563579	565599	8	0	-1	1.8	870		0
2	42	1	1	0	K	X	566616	566632	567449	568479	570498	8	0	1	2	817	1	
2	43	2	1	0	P	N	571516	571531	572201	573229	575248	7	1	0	2	669		0
2	44	1	0	1	X	K	576265	576281	576977	578013	580031	7	1	0	2	696	1	
2	45	1	1	1	X	K	581049	581064	581681	582711	584730	7	1	1	2.2	617	1	
2	46	2	1	0	P	N	585748	585763	588001	589028	591046	7	1	0	2.2	2237		0
2	47	1	1	0	K	X	592064	592079	592961	593995	596013	8	0	1	2.4	881	1	
2	48	1	1	1	X	K	597030	597046	609642	610677	612695	7	1	1	2.6	12595	1	
2	49	2	0	1	N	P	613712	613728	615697	616726	618744	8	0	-1	2.4	1969		0
2	50	2	1	0	P	N	619761	619777	621714	622742	624760	7	1	0	2.4	1935		0
2	51	1	1	0	K	X	625778	625793	626473	627508	629526	8	0	1	2.6	679	1	
2	52	1	0	1	X	K	630544	630559	631161	632191	634209	7	1	0	2.6	601	1	
2	53	2	1	1	N	P	635227	635242	636041	637074	639092	8	0	0	2.6	798		0
2	54	2	1	1	N	P	640111	640125	643193	644224	646242	8	0	0	2.6	3067		0
2	55	1	1	0	K	X	647259	647275	648561	649590	651608	8	0	1	2.8	1286	1	
2	56	2	1	0	P	N	652625	652641	653481	654506	656524	7	1	0	2.8	839		0
2	57	2	0	1	N	P	657541	657557	658321	659358	661374	8	0	-1	2.6	763		0
2	58	1	0	0	K	X	662391	662407	663321	664359	666373	8	0	0	2.6	914	1	
2	59	1	1	1	X	K	667391	667406	669161	670188	672206	7	1	1	2.8	1754	1	
2	60	2	0	0	P	N	673224	673239	673969	675003	677022	7	1	-1	2.6	729		0
3	1	2	1	0	I	F	679673	679689	682769	683802	685821	7	1	0	1	3080		0
3	2	1	1	1	G	E	686840	686855	687665	688687	690704	8	0	0	1	810	0	
3	3	1	1	0	E	G	691722	691737	692513	693536	695554	7	1	0	1	775	0	
3	4	2	0	1	F	I	696572	696587	697577	698602	700620	7	1	0	1	989		1
3	5	2	1	1	F	I	701639	701653	702313	703334	705353	7	1	-1	0.8	659		1
3	6	1	1	0	E	G	706371	706386	707241	708268	710286	7	1	0	0.8	854	0	
3	7	1	1	1	G	E	711304	711319	712169	713200	715219	7	1	1	1	849	1	
3	8	2	1	0	I	F	716236	716252	716897	717915	719935	8	0	-1	0.8	644		1
3	9	1	0	1	G	E	720953	720968	722009	723033	725051	7	1	0	0.8	1040	1	
3	10	2	1	1	F	I	726069	726084	731209	732232	734251	7	1	-1	0.6	5124		1
3	11	1	1	0	E	G	735268	735284	735873	736899	738917	8	0	1	0.8	589	1	
3	12	2	0	0	I	F	739934	739950	740481	741515	743533	7	1	-1	0.6	530		0
3	13	2	1	1	F	I	744551	744566	745123	746148	748166	7	1	-1	0.4	556		1
3	14	1	0	0	E	G	749184	749199	750345	751380	753399	8	0	0	0.4	1145	1	
3	15	1	1	1	G	E	754416	754432	755401	756430	758449	7	1	1	0.6	968	1	
3	16	2	1	0	I	F	759466	759482	760233	761263	763281	8	0	-1	0.4	751		1
3	17	1	0	1	G	E	764299	764314	765017	766046	768064	7	1	0	0.4	702	1	
3	18	2	1	1	F	I	769082	769097	769465	770496	772514	8	0	0	0.4	367		0
3	19	1	1	0	E	G	773531	773547	774897	775929	777947	8	0	1	0.6	1349	1	
3	20	2	1	1	F	I	778964	778980	780425	781445	783463	8	0	0	0.6	1444		0
3	21	1	1	0	E	G	784480	784496	785473	786494	788513	8	0	1	0.8	976	1	
3	22	2	1	0	I	F	789530	789546	790993	792027	794045	7	1	0	0.8	1447		0
3	23	1	0	1	G	E	795063	795078	795745	796777	798795	7	1	0	0.8	666	1	
3	24	1	1	1	G	E	799814	799828	801010	802042	804061	7	1	1	1	1180	1	
3	25	2	0	0	I	F	805079	805094	806833	807858	809877	7	1	-1	0.8	1738		0
3	26	2	1	1	F	I	810895	810910	811753	812777	814794	7	1	-1	0.6	842		1
3	27	1	1	0	E	G	815811	815827	816704	817725	819743	8	0	1	0.8	877	1	
3	28	2	1	0	I	F	820761	820776	821793	822824	824843	8	0	-1	0.6	1016		1
3	29	1	1	1	G	E	825860	825876	826585	827607	829626	7	1	1	0.8	708	1	
3	30	2	0	1	F	I	830643	830659	835017	836040	838058	8	0	-1	0.6	4357		0
3	31	1	1	0	E	G	839076	839091	839849	840872	842891	8	0	1	0.8	757	1	
3	32	1	0	0	E	G	843910	843924	844577	845605	847624	8	0	0	0.8	652	1	
3	33	2	1	1	F	I	848641	848657	849441	850473	852490	8	0	0	0.8	783		0
3	34	2	0	0	I	F	853508	853523	856825	857854	859873	7	1	-1	0.6	3301		0
3	35	1	1	1	G	E	860891	860906	869449	870471	872489	7	1	1	0.8	8542	1	
3	36	2	1	1	F	I	873506	873522	874625	875653	877671	8	0	0	0.8	1102		0
3	37	1	0	0	E	G	878689	878704	879289	880320	882338	8	0	0	0.8	583	1	
3	38	2	1	0	I	F	883355	883371	884217	885253	887271	7	1	0	0.8	845		0
3	39	1	1	1	G	E	888288	888304	888985	890017	892037	7	1	1	1	680	1	
3	40	2	1	0	I	F	893054	893070	894233	895268	897286	7	1	0	1	1162		0
3	41	2	0	1	F	I	898304	898319	899209	900233	902253	8	0	-1	0.8	888		0
3	42	1	1	0	E	G	903270	903286	904201	905233	907252	8	0	1	1	915	1	
3	43	2	1	0	I	F	908270	908285	909025	910051	912068	7	1	0	1	739		0
3	44	1	0	1	G	E	913086	913101	913929	914950	916968	7	1	0	1	827	1	
3	45	1	1	1	G	E	917987	918001	920657	921682	923701	7	1	1	1.2	2655	1	
3	46	2	1	0	I	F	924718	924734	925865	926898	928917	7	1	0	1.2	1130		0
3	47	1	1	0	E	G	929934	929950	931089	932116	934133	7	1	0	1.2	1138	0	
3	48	1	1	1	G	E	935151	935166	936025	937048	939066	7	1	1	1.4	858	1	
3	49	2	0	1	F	I	940084	940099	944449	945480	947499	8	0	-1	1.2	4349		0
3	50	2	1	0	I	F	948516	948532	949553	950580	952598	7	1	0	1.2	1020		0
3	51	1	1	0	E	G	953616	953631	954313	955347	957364	8	0	1	1.4	681	1	
3	52	1	0	1	G	E	958382	958398	959961	960995	963014	7	1	0	1.4	1562	1	
3	53	2	1	1	F	I	964031	964047	965249	966279	968297	8	0	0	1.4	1201		0
3	54	2	1	1	F	I	969316	969330	969841	970862	972880	8	0	0	1.4	510		0
3	55	1	1	0	E	G	973897	973913	974449	975478	977496	8	0	1	1.6	535	1	
3	56	2	1	0	I	F	978514	978529	979089	980113	982129	7	1	0	1.6	559		0
3	57	2	0	1	F	I	983146	983162	984025	985060	987079	8	0	-1	1.4	862		0
3	58	1	0	0	E	G	988096	988112	988993	990027	992045	8	0	0	1.4	880	1	
3	59	1	1	1	G	E	993062	993078	994041	995076	997094	7	1	1	1.6	962	1	
3	60	2	0	0	I	F	998112	998127	1008961	1009991	1012010	7	1	-1	1.4	10832		0
Total money won 7
