Participant p008v1visit number -1
Stimuli number 1
Scanner Trigger at time 210000
run_number	trial_number	trial_type	outcome_type	side_type	left_stim	right_stim	stim_onset	choice_onset	interval_onset	outcome_onset	ITI_onset	button_pressed	side_chosen	trial_outcome	total	reaction_time	win_out	loss_out
1	1	2	1	0	C	H	2	15	2969	3996	6014	8	0	-1	0.8	2953		1
1	2	1	1	1	D	A	7033	7047	10025	11044	13064	7	1	1	1	2977	1	
1	3	1	1	0	A	D	14081	14097	15409	16445	18463	8	0	1	1.2	1312	1	
1	4	2	0	1	H	C	19481	19496	21433	22464	24479	7	1	0	1.2	1936		1
1	5	2	1	1	H	C	25498	25512	26977	28009	30029	7	1	-1	1	1463		1
1	6	1	1	0	A	D	31048	31062	32033	33059	35078	8	0	1	1.2	970	1	
1	7	1	1	1	D	A	36096	36112	37065	38094	40111	7	1	1	1.4	952	1	
1	8	2	1	0	C	H	41129	41144	42193	43226	45244	8	0	-1	1.2	1047		1
1	9	1	0	1	D	A	46262	46277	47721	48742	50760	7	1	0	1.2	1443	1	
1	10	2	1	1	H	C	51778	51793	53273	54309	56327	8	0	0	1.2	1478		0
1	11	1	1	0	A	D	57344	57360	58329	59358	61376	8	0	1	1.4	968	1	
1	12	2	0	0	C	H	62394	62409	64337	65357	67376	7	1	-1	1.2	1927		0
1	13	2	1	1	H	C	68393	68409	70153	71173	73192	8	0	0	1.2	1743		0
1	14	1	0	0	A	D	74209	74225	75041	76075	78091	8	0	0	1.2	815	1	
1	15	1	1	1	D	A	79109	79124	79953	80974	82991	7	1	1	1.4	827	1	
1	16	2	1	0	C	H	84008	84024	85425	86456	88474	7	1	0	1.4	1400		0
1	17	1	0	1	D	A	89491	89507	90377	91405	93423	7	1	0	1.4	869	1	
1	18	2	1	1	H	C	94441	94456	96137	97173	99190	8	0	0	1.4	1679		0
1	19	1	1	0	A	D	100207	100223	100841	101871	103889	8	0	1	1.6	617	1	
1	20	2	1	1	H	C	104907	104922	105873	106903	108922	7	1	-1	1.4	950		1
1	21	1	1	0	A	D	109939	109955	111233	112253	114272	8	0	1	1.6	1277	1	
1	22	2	1	0	C	H	115289	115305	116737	117769	119788	8	0	-1	1.4	1431		1
1	23	1	0	1	D	A	120805	120821	121857	122886	124904	7	1	0	1.4	1035	1	
1	24	1	1	1	D	A	125923	125937	126817	127853	129870	7	1	1	1.6	879	1	
1	25	2	0	0	C	H	130888	130903	132161	133184	135203	7	1	-1	1.4	1257		0
1	26	2	1	1	H	C	136221	136236	137385	138420	140436	8	0	0	1.4	1148		0
1	27	1	1	0	A	D	141454	141469	142001	143034	145052	8	0	1	1.6	531	1	
1	28	2	1	0	C	H	146070	146085	148081	149116	151135	7	1	0	1.6	1994		0
1	29	1	1	1	D	A	152152	152168	153281	154317	156335	8	0	0	1.6	1112	0	
1	30	2	0	1	H	C	157352	157368	159049	160082	162101	8	0	-1	1.4	1680		0
1	31	1	1	0	A	D	163118	163134	163825	164848	166867	8	0	1	1.6	690	1	
1	32	1	0	0	A	D	167886	167900	168737	169765	171783	8	0	0	1.6	836	1	
1	33	2	1	1	H	C	172801	172816	175041	176064	178083	7	1	-1	1.4	2223		1
1	34	2	0	0	C	H	179100	179116	180009	181031	183049	8	0	0	1.4	892		1
1	35	1	1	1	D	A	184066	184082	184913	185947	187965	7	1	1	1.6	830	1	
1	36	2	1	1	H	C	188983	188998	190081	191113	193131	8	0	0	1.6	1081		0
1	37	1	0	0	A	D	194149	194164	194984	196013	198031	8	0	0	1.6	819	1	
1	38	2	1	0	C	H	199048	199064	200193	201213	203231	7	1	0	1.6	1128		0
1	39	1	1	1	D	A	204248	204264	205041	206063	208080	8	0	0	1.6	776	0	
1	40	2	1	0	C	H	209097	209113	211033	212061	214080	7	1	0	1.6	1919		0
1	41	2	0	1	H	C	215097	215113	216105	217127	219146	8	0	-1	1.4	991		0
1	42	1	1	0	A	D	220163	220179	220737	221760	223779	8	0	1	1.6	557	1	
1	43	2	1	0	C	H	224796	224812	226193	227226	229245	8	0	-1	1.4	1380		1
1	44	1	0	1	D	A	230262	230278	231176	232209	234228	7	1	0	1.4	898	1	
1	45	1	1	1	D	A	235247	235261	236168	237192	239211	7	1	1	1.6	907	1	
1	46	2	1	0	C	H	240228	240244	241657	242692	244710	7	1	0	1.6	1412		0
1	47	1	1	0	A	D	245728	245743	247057	248092	250110	8	0	1	1.8	1312	1	
1	48	1	1	1	D	A	251127	251143	252321	253341	255359	7	1	1	2	1177	1	
1	49	2	0	1	H	C	256377	256392	257424	258456	260476	8	0	-1	1.8	1031		0
1	50	2	1	0	C	H	261493	261509	262656	263690	265708	7	1	0	1.8	1147		0
1	51	1	1	0	A	D	266726	266741	267449	268472	270491	8	0	1	2	706	1	
1	52	1	0	1	D	A	271509	271524	272296	273323	275341	7	1	0	2	771	1	
1	53	2	1	1	H	C	276358	276374	277753	278773	280790	8	0	0	2	1378		0
1	54	2	1	1	H	C	281809	281823	283257	284289	286307	8	0	0	2	1432		0
1	55	1	1	0	A	D	287324	287340	287968	288988	291006	8	0	1	2.2	628	1	
1	56	2	1	0	C	H	292024	292039	293025	294057	296072	7	1	0	2.2	984		0
1	57	2	0	1	H	C	297090	297105	298104	299136	301155	8	0	-1	2	998		0
1	58	1	0	0	A	D	302173	302188	302721	303755	305772	8	0	0	2	531	1	
1	59	1	1	1	D	A	306789	306805	307528	308552	310571	7	1	1	2.2	723	1	
1	60	2	0	0	C	H	311589	311604	312648	313668	315687	7	1	-1	2	1043		0
2	1	2	1	0	N	P	335653	335669	337089	338117	340135	7	1	0	1	1419		0
2	2	1	1	1	X	K	341154	341168	342577	343600	345618	8	0	0	1	1407	0	
2	3	1	1	0	K	X	346636	346651	347424	348448	350468	8	0	1	1.2	772	1	
2	4	2	0	1	P	N	351485	351501	352736	353764	355784	8	0	-1	1	1235		0
2	5	2	1	1	P	N	356803	356817	357753	358782	360800	7	1	-1	0.8	935		1
2	6	1	1	0	K	X	361818	361833	363041	364064	366083	8	0	1	1	1206	1	
2	7	1	1	1	X	K	367100	367116	368337	369364	371383	8	0	0	1	1219	0	
2	8	2	1	0	N	P	372400	372416	373297	374332	376349	7	1	0	1	880		0
2	9	1	0	1	X	K	377366	377382	378689	379713	381732	7	1	0	1	1306	1	
2	10	2	1	1	P	N	382749	382765	383920	384947	386965	8	0	0	1	1155		0
2	11	1	1	0	K	X	387982	387998	388536	389562	391581	8	0	1	1.2	538	1	
2	12	2	0	0	N	P	392598	392614	393809	394829	396847	8	0	0	1.2	1194		1
2	13	2	1	1	P	N	397864	397880	398328	399363	401380	8	0	0	1.2	447		0
2	14	1	0	0	K	X	402397	402413	402857	403879	405896	8	0	0	1.2	442	1	
2	15	1	1	1	X	K	406914	406929	407696	408728	410746	8	0	0	1.2	766	0	
2	16	2	1	0	N	P	411763	411779	412960	413994	416012	7	1	0	1.2	1180		0
2	17	1	0	1	X	K	417030	417045	418712	419744	421762	8	0	1	1.4	1666	0	
2	18	2	1	1	P	N	422779	422795	424465	425492	427511	8	0	0	1.4	1669		0
2	19	1	1	0	K	X	428528	428544	430257	431292	433311	8	0	1	1.6	1711	1	
2	20	2	1	1	P	N	434328	434344	435728	436758	438777	7	1	-1	1.4	1384		1
2	21	1	1	0	K	X	439794	439810	440680	441708	443726	8	0	1	1.6	870	1	
2	22	2	1	0	N	P	444744	444759	445745	446774	448793	7	1	0	1.6	984		0
2	23	1	0	1	X	K	449810	449826	451113	452141	454159	8	0	1	1.8	1286	0	
2	24	1	1	1	X	K	455177	455192	456976	458006	460025	8	0	0	1.8	1784	0	
2	25	2	0	0	N	P	461042	461058	462112	463139	465158	7	1	-1	1.6	1053		0
2	26	2	1	1	P	N	466175	466191	466945	467972	469991	8	0	0	1.6	753		0
2	27	1	1	0	K	X	471008	471024	472336	473372	475390	8	0	1	1.8	1312	1	
2	28	2	1	0	N	P	476408	476423	476952	477990	480006	7	1	0	1.8	528		0
2	29	1	1	1	X	K	481024	481040	482000	483020	485039	7	1	1	2	960	1	
2	30	2	0	1	P	N	486057	486072	487608	488636	490656	8	0	-1	1.8	1535		0
2	31	1	1	0	K	X	491673	491689	493432	494452	496472	8	0	1	2	1743	1	
2	32	1	0	0	K	X	497490	497505	498736	499770	501788	8	0	0	2	1231	1	
2	33	2	1	1	P	N	502805	502821	505520	506551	508571	7	1	-1	1.8	2698		1
2	34	2	0	0	N	P	509588	509604	510552	511586	513604	7	1	-1	1.6	948		0
2	35	1	1	1	X	K	514621	514637	515512	516535	518553	8	0	0	1.6	875	0	
2	36	2	1	1	P	N	519570	519586	520521	521552	523569	8	0	0	1.6	933		0
2	37	1	0	0	K	X	524587	524602	525552	526585	528602	8	0	0	1.6	949	1	
2	38	2	1	0	N	P	529620	529635	530536	531567	533585	7	1	0	1.6	900		0
2	39	1	1	1	X	K	534602	534618	536080	537100	539118	7	1	1	1.8	1461	1	
2	40	2	1	0	N	P	540135	540151	541073	542100	544118	7	1	0	1.8	920		0
2	41	2	0	1	P	N	545135	545151	545824	546848	548867	8	0	-1	1.6	673		0
2	42	1	1	0	K	X	549885	549900	550888	551915	553933	8	0	1	1.8	988	1	
2	43	2	1	0	N	P	554951	554966	556624	557648	559666	7	1	0	1.8	1657		0
2	44	1	0	1	X	K	560684	560699	561632	562664	564682	7	1	0	1.8	932	1	
2	45	1	1	1	X	K	565701	565715	567120	568146	570165	7	1	1	2	1404	1	
2	46	2	1	0	N	P	571183	571198	573048	574079	576098	7	1	0	2	1849		0
2	47	1	1	0	K	X	577116	577131	578504	579528	581548	8	0	1	2.2	1372	1	
2	48	1	1	1	X	K	582565	582581	583592	584613	586631	7	1	1	2.4	1011	1	
2	49	2	0	1	P	N	587648	587664	589416	590445	592463	8	0	-1	2.2	1752		0
2	50	2	1	0	N	P	593481	593496	594440	595461	597480	7	1	0	2.2	943		0
2	51	1	1	0	K	X	598497	598513	600608	601627	603646	8	0	1	2.4	2095	1	
2	52	1	0	1	X	K	604663	604679	606336	607361	609379	8	0	1	2.6	1657	0	
2	53	2	1	1	P	N	610396	610412	611832	612860	614878	8	0	0	2.6	1420		0
2	54	2	1	1	P	N	615897	615911	616800	617826	619844	8	0	0	2.6	888		0
2	55	1	1	0	K	X	620862	620877	622032	623059	625077	8	0	1	2.8	1154	1	
2	56	2	1	0	N	P	626095	626110	627072	628092	630110	7	1	0	2.8	961		0
2	57	2	0	1	P	N	631128	631143	632088	633108	635126	8	0	-1	2.6	944		0
2	58	1	0	0	K	X	636144	636159	637768	638791	640809	8	0	0	2.6	1608	1	
2	59	1	1	1	X	K	641826	641842	642936	643957	645975	8	0	0	2.6	1093	0	
2	60	2	0	0	N	P	646993	647008	647824	648857	650875	7	1	-1	2.4	815		0
3	1	2	1	0	F	I	703088	703104	704553	705587	707603	8	0	-1	0.8	1448		1
3	2	1	1	1	G	E	708622	708636	710553	711584	713603	8	0	0	0.8	1916	0	
3	3	1	1	0	E	G	714620	714636	716185	717218	719236	7	1	0	0.8	1548	0	
3	4	2	0	1	I	F	720253	720269	721793	722817	724835	8	0	-1	0.6	1523		0
3	5	2	1	1	I	F	725854	725868	728017	729052	731068	7	1	-1	0.4	2148		1
3	6	1	1	0	E	G	732085	732101	734057	735082	737101	7	1	0	0.4	1955	0	
3	7	1	1	1	G	E	738118	738134	739169	740199	742217	8	0	0	0.4	1034	0	
3	8	2	1	0	F	I	743235	743250	745001	746031	748050	8	0	-1	0.2	1750		1
3	9	1	0	1	G	E	749067	749083	751168	752198	754216	7	1	0	0.2	2085	1	
3	10	2	1	1	I	F	755233	755249	757241	758266	760282	7	1	-1	5.55111512312578e-17	1991		1
3	11	1	1	0	E	G	761300	761315	762577	763598	765615	8	0	1	0.2	1261	1	
3	12	2	0	0	F	I	766632	766648	768425	769445	771464	7	1	-1	5.55111512312578e-17	1776		0
3	13	2	1	1	I	F	772482	772498	774257	775279	777297	7	1	-1	0	1759		1
3	14	1	0	0	E	G	778315	778330	779136	780164	782180	8	0	0	0	805	1	
3	15	1	1	1	G	E	783198	783213	784785	785812	787830	8	0	0	0	1571	0	
3	16	2	1	0	F	I	788847	788863	790233	791265	793279	7	1	0	0	1369		0
3	17	1	0	1	G	E	794297	794312	795920	796944	798962	7	1	0	0	1607	1	
3	18	2	1	1	I	F	799980	799995	801353	802380	804395	8	0	0	0	1357		0
3	19	1	1	0	E	G	805412	805428	806816	807842	809861	8	0	1	0.2	1388	1	
3	20	2	1	1	I	F	810878	810894	812920	813941	815961	7	1	-1	0	2026		1
3	21	1	1	0	E	G	816978	816994	818385	819408	821427	8	0	1	0.2	1390	1	
3	22	2	1	0	F	I	822444	822460	823112	824144	826160	7	1	0	0.2	652		0
3	23	1	0	1	G	E	827177	827193	828048	829075	831093	7	1	0	0.2	855	1	
3	24	1	1	1	G	E	832112	832126	833640	834674	836692	7	1	1	0.4	1514	1	
3	25	2	0	0	F	I	837709	837725	838760	839790	841808	7	1	-1	0.2	1034		0
3	26	2	1	1	I	F	842826	842841	846152	847173	849191	7	1	-1	0	3310		1
3	27	1	1	0	E	G	850208	850224	851505	852538	854557	8	0	1	0.2	1280	1	
3	28	2	1	0	F	I	855575	855590	858912	859937	861957	8	0	-1	0	3321		1
3	29	1	1	1	G	E	862974	862990	863864	864888	866906	7	1	1	0.2	874	1	
3	30	2	0	1	I	F	867924	867939	869096	870121	872139	7	1	0	0.2	1156		1
3	31	1	1	0	E	G	873156	873172	874024	875054	877072	8	0	1	0.4	851	1	
3	32	1	0	0	E	G	878091	878105	879153	880186	882205	8	0	0	0.4	1047	1	
3	33	2	1	1	I	F	883222	883238	884561	885586	887604	8	0	0	0.4	1322		0
3	34	2	0	0	F	I	888622	888637	891265	892286	894304	7	1	-1	0.2	2626		0
3	35	1	1	1	G	E	895321	895337	896224	897252	899270	7	1	1	0.4	887	1	
3	36	2	1	1	I	F	900287	900303	901880	902901	904920	7	1	-1	0.2	1577		1
3	37	1	0	0	E	G	905937	905953	907177	908201	910219	8	0	0	0.2	1223	1	
3	38	2	1	0	F	I	911237	911252	912457	913484	915502	7	1	0	0.2	1204		0
3	39	1	1	1	G	E	916519	916535	917760	918783	920801	7	1	1	0.4	1225	1	
3	40	2	1	0	F	I	921819	921835	924032	925066	927084	7	1	0	0.4	2197		0
3	41	2	0	1	I	F	928102	928117	930728	931749	933767	8	0	-1	0.2	2610		0
3	42	1	1	0	E	G	934784	934800	935864	936898	938917	8	0	1	0.4	1063	1	
3	43	2	1	0	F	I	939934	939950	942785	943814	945833	7	1	0	0.4	2834		0
3	44	1	0	1	G	E	946850	946866	947809	948831	950849	7	1	0	0.4	942	1	
3	45	1	1	1	G	E	951868	951882	952697	953730	955748	7	1	1	0.6	814	1	
3	46	2	1	0	F	I	956766	956782	958513	959546	961565	8	0	-1	0.4	1730		1
3	47	1	1	0	E	G	962582	962598	964729	965762	967781	8	0	1	0.6	2130	1	
3	48	1	1	1	G	E	968798	968814	969824	970846	972864	7	1	1	0.8	1010	1	
3	49	2	0	1	I	F	973881	973897	976288	977311	979330	8	0	-1	0.6	2391		0
3	50	2	1	0	F	I	980347	980363	982184	983211	985229	7	1	0	0.6	1821		0
3	51	1	1	0	E	G	986247	986262	987048	988077	990095	8	0	1	0.8	785	1	
3	52	1	0	1	G	E	991113	991129	992529	993560	995578	7	1	0	0.8	1399	1	
3	53	2	1	1	I	F	996596	996611	997248	998278	1000295	8	0	0	0.8	636		0
3	54	2	1	1	I	F	1001313	1001328	1002888	1003909	1005927	8	0	0	0.8	1560		0
3	55	1	1	0	E	G	1006945	1006960	1007865	1008891	1010910	8	0	1	1	903	1	
3	56	2	1	0	F	I	1011928	1011943	1014008	1015041	1017060	7	1	0	1	2064		0
3	57	2	0	1	I	F	1018077	1018093	1019960	1020991	1023009	7	1	0	1	1867		1
3	58	1	0	0	E	G	1024027	1024042	1024760	1025791	1027809	8	0	0	1	717	1	
3	59	1	1	1	G	E	1028826	1028842	1030232	1031256	1033275	7	1	1	1.2	1390	1	
3	60	2	0	0	F	I	1034292	1034308	1036447	1037472	1039491	7	1	-1	1	2139		0
Total money won 5.4
