Participant p0013visit number -1
Stimuli number 1
Scanner Trigger at time 312000
run_number	trial_number	trial_type	outcome_type	side_type	left_stim	right_stim	stim_onset	choice_onset	interval_onset	outcome_onset	ITI_onset	button_pressed	side_chosen	trial_outcome	total	reaction_time	win_out	loss_out
1	1	1	1	0	D	A	3	23	8102	9135	11156	8	0	1	1.2	8078	1	
1	2	2	1	1	C	H	12174	12189	16542	17572	19588	8	0	0	1.2	4352		0
1	3	2	1	0	H	C	20606	20621	25750	26771	28787	8	0	-1	1	5128		1
1	4	1	0	1	A	D	29805	29820	31070	32101	34120	7	1	0	1	1248	1	
1	5	1	1	1	A	D	35139	35153	37534	38567	40586	7	1	1	1.2	2379	1	
1	6	2	1	0	H	C	41606	41619	43757	44784	46803	7	1	0	1.2	2137		0
1	7	2	1	1	C	H	47820	47836	51078	52101	54119	8	0	0	1.2	3241		0
1	8	1	1	0	D	A	55136	55152	57093	58117	60135	7	1	0	1.2	1941	0	
1	9	2	0	1	C	H	61152	61168	62974	63998	66018	8	0	-1	1	1805		0
1	10	1	1	1	A	D	67035	67051	68542	69564	71584	7	1	1	1.2	1490	1	
1	11	2	1	0	H	C	72601	72617	75541	76564	78583	7	1	0	1.2	2924		0
1	12	1	0	0	D	A	79601	79616	82374	83398	85416	7	1	1	1.4	2757	0	
1	13	1	1	1	A	D	86433	86449	87837	88865	90882	7	1	1	1.6	1388	1	
1	14	2	0	0	H	C	91899	91915	94309	95329	97348	7	1	-1	1.4	2394		0
1	15	2	1	1	C	H	98366	98381	100213	101249	103264	8	0	0	1.4	1832		0
1	16	1	1	0	D	A	104282	104297	105766	106797	108814	7	1	0	1.4	1467	0	
1	17	2	0	1	C	H	109831	109847	111173	112196	114213	7	1	0	1.4	1325		1
1	18	1	1	1	A	D	115231	115247	116582	117611	119630	7	1	1	1.6	1334	1	
1	19	2	1	0	H	C	120647	120663	123550	124577	126596	8	0	-1	1.4	2886		1
1	20	1	1	1	A	D	127613	127629	128717	129743	131762	7	1	1	1.6	1088	1	
1	21	2	1	0	H	C	132779	132795	134134	135160	137178	7	1	0	1.6	1338		0
1	22	1	1	0	D	A	138196	138211	139741	140777	142794	7	1	0	1.6	1530	0	
1	23	2	0	1	C	H	143812	143827	145230	146260	148277	8	0	-1	1.4	1402		0
1	24	2	1	1	C	H	149296	149310	151270	152292	154310	7	1	-1	1.2	1959		1
1	25	1	0	0	D	A	155327	155343	156870	157891	159910	7	1	1	1.4	1526	0	
1	26	1	1	1	A	D	160927	160943	161958	162992	165009	7	1	1	1.6	1014	1	
1	27	2	1	0	H	C	166026	166042	167342	168373	170392	7	1	0	1.6	1299		0
1	28	1	1	0	D	A	171409	171425	172926	173957	175975	7	1	0	1.6	1500	0	
1	29	2	1	1	C	H	176992	177008	178205	179240	181258	8	0	0	1.6	1197		0
1	30	1	0	1	A	D	182275	182291	183405	184439	186457	7	1	0	1.6	1114	1	
1	31	2	1	0	H	C	187475	187490	189270	190306	192323	7	1	0	1.6	1778		0
1	32	2	0	0	H	C	193342	193357	194926	195954	197973	7	1	-1	1.4	1568		0
1	33	1	1	1	A	D	198990	199006	199949	200971	202989	7	1	1	1.6	943	1	
1	34	1	0	0	D	A	204007	204022	205397	206422	208439	7	1	1	1.8	1375	0	
1	35	2	1	1	C	H	209456	209472	212230	213253	215272	7	1	-1	1.6	2757		1
1	36	1	1	1	A	D	216289	216305	216966	217986	220004	7	1	1	1.8	660	1	
1	37	2	0	0	H	C	221022	221038	221502	222538	224554	7	1	-1	1.6	464		0
1	38	1	1	0	D	A	225571	225587	226589	227618	229637	7	1	0	1.6	1002	0	
1	39	2	1	1	C	H	230654	230670	232078	233102	235120	7	1	-1	1.4	1407		1
1	40	1	1	0	D	A	236137	236153	237046	238068	240086	7	1	0	1.4	892	0	
1	41	1	0	1	A	D	241103	241119	241686	242718	244736	7	1	0	1.4	565	1	
1	42	2	1	0	H	C	245753	245769	247006	248034	250052	7	1	0	1.4	1236		0
1	43	1	1	0	D	A	251069	251085	251742	252766	254785	8	0	1	1.6	656	1	
1	44	2	0	1	C	H	255802	255818	256614	257633	259651	8	0	-1	1.4	795		0
1	45	2	1	1	C	H	260670	260684	261518	262550	264567	7	1	-1	1.2	833		1
1	46	1	1	0	D	A	265585	265600	266638	267665	269684	8	0	1	1.4	1037	1	
1	47	2	1	0	H	C	270701	270717	271742	272765	274783	7	1	0	1.4	1024		0
1	48	2	1	1	C	H	275800	275816	277438	278464	280483	8	0	0	1.4	1621		0
1	49	1	0	1	A	D	281500	281516	282606	283633	285649	8	0	1	1.6	1089	0	
1	50	1	1	0	D	A	286666	286682	287518	288548	290565	8	0	1	1.8	835	1	
1	51	2	1	0	H	C	291582	291598	292086	293114	295131	7	1	0	1.8	487		0
1	52	2	0	1	C	H	296149	296164	296814	297846	299864	8	0	-1	1.6	649		0
1	53	1	1	1	A	D	300882	300897	302014	303048	305064	8	0	0	1.6	1116	0	
1	54	1	1	1	A	D	306083	306097	307302	308329	310347	8	0	0	1.6	1204	0	
1	55	2	1	0	H	C	311364	311380	312662	313696	315713	7	1	0	1.6	1281		0
1	56	1	1	0	D	A	316730	316746	318221	319245	321263	8	0	1	1.8	1475	1	
1	57	1	0	1	A	D	322280	322296	326198	327227	329245	7	1	0	1.8	3902	1	
1	58	2	0	0	H	C	330263	330278	331758	332793	334811	7	1	-1	1.6	1479		0
1	59	2	1	1	C	H	335829	335844	337190	338210	340228	7	1	-1	1.4	1344		1
1	60	1	0	0	D	A	341245	341261	343918	344942	346960	8	0	0	1.4	2657	1	
2	1	1	1	0	X	K	356444	356459	360766	361790	363809	7	1	0	1	4306	0	
2	2	2	1	1	N	P	364827	364842	366950	367974	369992	8	0	0	1	2107		0
2	3	2	1	0	P	N	371009	371025	373846	374873	376891	7	1	0	1	2820		0
2	4	1	0	1	K	X	377908	377924	380118	381139	383157	8	0	1	1.2	2193	0	
2	5	1	1	1	K	X	384176	384190	385486	386506	388523	8	0	0	1.2	1295	0	
2	6	2	1	0	P	N	389541	389557	391446	392470	394490	8	0	-1	1	1889		1
2	7	2	1	1	N	P	395507	395523	397846	398870	400889	8	0	0	1	2322		0
2	8	1	1	0	X	K	401906	401922	403358	404388	406405	7	1	0	1	1435	0	
2	9	2	0	1	N	P	407423	407438	410109	411137	413155	7	1	0	1	2670		1
2	10	1	1	1	K	X	414172	414188	416334	417369	419388	7	1	1	1.2	2145	1	
2	11	2	1	0	P	N	420405	420421	423622	424651	426670	8	0	-1	1	3201		1
2	12	1	0	0	X	K	427688	427703	429206	430234	432253	7	1	1	1.2	1502	0	
2	13	1	1	1	K	X	433270	433286	434534	435569	437586	7	1	1	1.4	1247	1	
2	14	2	0	0	P	N	438603	438619	441542	442567	444585	7	1	-1	1.2	2922		0
2	15	2	1	1	N	P	445603	445618	448846	449866	451885	8	0	0	1.2	3227		0
2	16	1	1	0	X	K	452902	452918	454062	455083	457101	7	1	0	1.2	1143	0	
2	17	2	0	1	N	P	458118	458134	460686	461715	463734	8	0	-1	1	2551		0
2	18	1	1	1	K	X	464751	464767	466254	467280	469300	7	1	1	1.2	1486	1	
2	19	2	1	0	P	N	470317	470333	474014	475046	477066	8	0	-1	1	3680		1
2	20	1	1	1	K	X	478083	478099	479190	480213	482232	7	1	1	1.2	1090	1	
2	21	2	1	0	P	N	483250	483265	485974	486996	489015	7	1	0	1.2	2708		0
2	22	1	1	0	X	K	490032	490048	491126	492147	494164	7	1	0	1.2	1077	0	
2	23	2	0	1	N	P	495182	495198	498502	499530	501547	7	1	0	1.2	3303		1
2	24	2	1	1	N	P	502566	502580	504054	505077	507097	7	1	-1	1	1473		1
2	25	1	0	0	X	K	508114	508130	509518	510543	512563	7	1	1	1.2	1387	0	
2	26	1	1	1	K	X	513580	513596	514766	515795	517812	7	1	1	1.4	1169	1	
2	27	2	1	0	P	N	518830	518846	522518	523543	525562	7	1	0	1.4	3672		0
2	28	1	1	0	X	K	526579	526595	527790	528810	530828	7	1	0	1.4	1194	0	
2	29	2	1	1	N	P	531845	531861	533270	534292	536311	7	1	-1	1.2	1408		1
2	30	1	0	1	K	X	537328	537344	538414	539442	541460	7	1	0	1.2	1069	1	
2	31	2	1	0	P	N	542478	542494	545182	546209	548227	8	0	-1	1	2688		1
2	32	2	0	0	P	N	549245	549260	550813	551843	553859	7	1	-1	0.8	1553		0
2	33	1	1	1	K	X	554877	554892	555869	556890	558909	7	1	1	1	976	1	
2	34	1	0	0	X	K	559926	559942	560998	562023	564042	7	1	1	1.2	1055	0	
2	35	2	1	1	N	P	565059	565075	572166	573189	575208	8	0	0	1.2	7090		0
2	36	1	1	1	K	X	576225	576241	577398	578422	580440	7	1	1	1.4	1156	1	
2	37	2	0	0	P	N	581458	581474	585542	586571	588590	7	1	-1	1.2	4068		0
2	38	1	1	0	X	K	589607	589623	590654	591689	593706	7	1	0	1.2	1031	0	
2	39	2	1	1	N	P	594723	594739	599622	600655	602672	8	0	0	1.2	4882		0
2	40	1	1	0	X	K	603689	603705	604886	605920	607938	7	1	0	1.2	1180	0	
2	41	1	0	1	K	X	608956	608971	610038	611072	613088	7	1	0	1.2	1066	1	
2	42	2	1	0	P	N	614105	614121	617798	618817	620837	8	0	-1	1	3677		1
2	43	1	1	0	X	K	621855	621870	623054	624085	626103	7	1	0	1	1183	0	
2	44	2	0	1	N	P	627121	627136	628094	629117	631136	8	0	-1	0.8	957		0
2	45	2	1	1	N	P	632155	632169	634830	635850	637869	8	0	0	0.8	2660		0
2	46	1	1	0	X	K	638886	638902	640030	641050	643068	8	0	1	1	1127	1	
2	47	2	1	0	P	N	644086	644102	646838	647866	649885	7	1	0	1	2736		0
2	48	2	1	1	N	P	650902	650918	652118	653148	655167	7	1	-1	0.8	1200		1
2	49	1	0	1	K	X	656185	656201	656694	657714	659734	8	0	1	1	493	0	
2	50	1	1	0	X	K	660751	660767	661662	662682	664700	8	0	1	1.2	895	1	
2	51	2	1	0	P	N	665717	665733	667286	668314	670333	8	0	-1	1	1552		1
2	52	2	0	1	N	P	671350	671366	672518	673547	675566	8	0	-1	0.8	1151		0
2	53	1	1	1	K	X	676584	676599	677382	678414	680432	8	0	0	0.8	782	0	
2	54	1	1	1	K	X	681451	681465	681950	682980	684998	8	0	0	0.8	484	0	
2	55	2	1	0	P	N	686016	686031	687454	688481	690498	7	1	0	0.8	1422		0
2	56	1	1	0	X	K	691515	691531	692526	693546	695564	7	1	0	0.8	994	0	
2	57	1	0	1	K	X	696581	696597	697374	698394	700414	8	0	1	1	776	0	
2	58	2	0	0	P	N	701431	701447	703318	704344	706363	7	1	-1	0.8	1870		0
2	59	2	1	1	N	P	707381	707396	708317	709344	711363	8	0	0	0.8	920		0
2	60	1	0	0	X	K	712380	712396	714118	715143	717162	7	1	1	1	1721	0	
3	1	1	1	0	G	E	719713	719728	722750	723776	725795	8	0	1	1.2	3021	1	
3	2	2	1	1	F	I	726813	726828	730958	731991	734011	7	1	-1	1	4129		1
3	3	2	1	0	I	F	735028	735044	736238	737258	739277	8	0	-1	0.8	1193		1
3	4	1	0	1	E	G	740294	740310	741326	742358	744377	7	1	0	0.8	1015	1	
3	5	1	1	1	E	G	745395	745410	746110	747143	749159	7	1	1	1	700	1	
3	6	2	1	0	I	F	750177	750193	751206	752240	754259	7	1	0	1	1013		0
3	7	2	1	1	F	I	755276	755292	756318	757341	759359	8	0	0	1	1025		0
3	8	1	1	0	G	E	760376	760392	761174	762206	764225	8	0	1	1.2	782	1	
3	9	2	0	1	F	I	765242	765258	766350	767371	769391	8	0	-1	1	1091		0
3	10	1	1	1	E	G	770408	770424	771222	772255	774274	7	1	1	1.2	797	1	
3	11	2	1	0	I	F	775291	775307	776662	777689	779707	7	1	0	1.2	1354		0
3	12	1	0	0	G	E	780724	780740	781518	782538	784556	8	0	0	1.2	778	1	
3	13	1	1	1	E	G	785574	785590	786398	787423	789439	7	1	1	1.4	808	1	
3	14	2	0	0	I	F	790457	790472	791862	792887	794906	8	0	0	1.4	1389		1
3	15	2	1	1	F	I	795923	795939	797526	798553	800572	7	1	-1	1.2	1587		1
3	16	1	1	0	G	E	801589	801605	802334	803370	805388	8	0	1	1.4	729	1	
3	17	2	0	1	F	I	806405	806421	807174	808203	810221	8	0	-1	1.2	752		0
3	18	1	1	1	E	G	811238	811254	811918	812953	814971	7	1	1	1.4	663	1	
3	19	2	1	0	I	F	815988	816004	817758	818784	820803	7	1	0	1.4	1754		0
3	20	1	1	1	E	G	821821	821836	822510	823535	825553	7	1	1	1.6	673	1	
3	21	2	1	0	I	F	826570	826586	827246	828268	830286	7	1	0	1.6	659		0
3	22	1	1	0	G	E	831303	831319	831822	832851	834869	8	0	1	1.8	502	1	
3	23	2	0	1	F	I	835886	835902	836710	837733	839752	8	0	-1	1.6	807		0
3	24	2	1	1	F	I	840771	840785	841366	842401	844418	7	1	-1	1.4	581		1
3	25	1	0	0	G	E	845435	845451	845981	847018	849034	8	0	0	1.4	530	1	
3	26	1	1	1	E	G	850052	850067	850606	851632	853651	7	1	1	1.6	538	1	
3	27	2	1	0	I	F	854668	854684	855654	856682	858700	7	1	0	1.6	970		0
3	28	1	1	0	G	E	859718	859733	860246	861282	863300	8	0	1	1.8	512	1	
3	29	2	1	1	F	I	864317	864333	865438	866464	868483	7	1	-1	1.6	1105		1
3	30	1	0	1	E	G	869500	869516	870318	871347	873366	7	1	0	1.6	801	1	
3	31	2	1	0	I	F	874383	874399	882038	883062	885081	8	0	-1	1.4	7639		1
3	32	2	0	0	I	F	886100	886114	887142	888163	890181	7	1	-1	1.2	1027		0
3	33	1	1	1	E	G	891198	891214	892422	893445	895464	7	1	1	1.4	1207	1	
3	34	1	0	0	G	E	896481	896497	897422	898445	900463	8	0	0	1.4	925	1	
3	35	2	1	1	F	I	901481	901496	904598	905628	907646	7	1	-1	1.2	3101		1
3	36	1	1	1	E	G	908663	908679	909614	910646	912662	7	1	1	1.4	934	1	
3	37	2	0	0	I	F	913680	913695	917118	918143	920162	7	1	-1	1.2	3422		0
3	38	1	1	0	G	E	921179	921195	922486	923509	925528	8	0	1	1.4	1291	1	
3	39	2	1	1	F	I	926545	926561	927950	928975	930994	8	0	0	1.4	1389		0
3	40	1	1	0	G	E	932011	932027	932958	933992	936010	8	0	1	1.6	930	1	
3	41	1	0	1	E	G	937028	937043	938142	939175	941193	7	1	0	1.6	1098	1	
3	42	2	1	0	I	F	942210	942226	947382	948407	950426	8	0	-1	1.4	5155		1
3	43	1	1	0	G	E	951443	951459	952654	953674	955692	8	0	1	1.6	1195	1	
3	44	2	0	1	F	I	956709	956725	958678	959709	961725	8	0	-1	1.4	1952		0
3	45	2	1	1	F	I	962744	962758	966214	967240	969257	7	1	-1	1.2	3455		1
3	46	1	1	0	G	E	970275	970290	971317	972338	974357	8	0	1	1.4	1026	1	
3	47	2	1	0	I	F	975374	975390	982206	983238	985256	8	0	-1	1.2	6815		1
3	48	2	1	1	F	I	986273	986289	988062	989087	991106	7	1	-1	1	1772		1
3	49	1	0	1	E	G	992123	992139	992934	993953	995972	7	1	0	1	794	1	
3	50	1	1	0	G	E	996989	997005	997926	998952	1000971	8	0	1	1.2	921	1	
3	51	2	1	0	I	F	1001989	1002004	1008022	1009052	1011071	7	1	0	1.2	6017		0
3	52	2	0	1	F	I	1012088	1012104	1014294	1015321	1017337	7	1	0	1.2	2190		1
3	53	1	1	1	E	G	1018354	1018370	1019638	1020668	1022686	7	1	1	1.4	1268	1	
3	54	1	1	1	E	G	1023705	1023719	1024734	1025768	1027786	7	1	1	1.6	1014	1	
3	55	2	1	0	I	F	1028803	1028819	1030030	1031050	1033069	7	1	0	1.6	1211		0
3	56	1	1	0	G	E	1034086	1034102	1035014	1036050	1038068	8	0	1	1.8	912	1	
3	57	1	0	1	E	G	1039086	1039101	1040158	1041182	1043201	7	1	0	1.8	1056	1	
3	58	2	0	0	I	F	1044218	1044234	1045326	1046349	1048367	7	1	-1	1.6	1091		0
3	59	2	1	1	F	I	1049385	1049400	1050990	1052015	1054034	8	0	0	1.6	1589		0
3	60	1	0	0	G	E	1055051	1055067	1056061	1057082	1059100	8	0	0	1.6	994	1	
Total money won 4
