Participant p016v2visit number -1
Stimuli number 1
Scanner Trigger at time 147000
run_number	trial_number	trial_type	outcome_type	side_type	left_stim	right_stim	stim_onset	choice_onset	interval_onset	outcome_onset	ITI_onset	button_pressed	side_chosen	trial_outcome	total	reaction_time	win_out	loss_out
1	1	1	1	0	A	D	3	20	1230	2250	4270	8	0	1	1.2	1209	1	
1	2	2	1	1	C	H	5289	5303	6069	7106	9119	8	0	0	1.2	766		0
1	3	2	1	0	H	C	10137	10153	10918	11952	13969	7	1	0	1.2	764		0
1	4	1	0	1	D	A	14987	15002	15421	16451	18469	7	1	0	1.2	419	1	
1	5	1	1	1	D	A	19488	19502	20541	21568	23585	7	1	1	1.4	1039	1	
1	6	2	1	0	H	C	24604	24618	25229	26254	28268	8	0	-1	1.2	611		1
1	7	2	1	1	C	H	29285	29301	30157	31182	33201	8	0	0	1.2	856		0
1	8	1	1	0	A	D	34218	34234	34669	35699	37717	8	0	1	1.4	435	1	
1	9	2	0	1	C	H	38735	38750	39317	40348	42367	8	0	-1	1.2	567		0
1	10	1	1	1	D	A	43384	43400	44013	45048	47066	7	1	1	1.4	613	1	
1	11	2	1	0	H	C	48084	48099	48565	49598	51616	7	1	0	1.4	466		0
1	12	1	0	0	A	D	52633	52649	53333	54365	56382	8	0	0	1.4	684	1	
1	13	1	1	1	D	A	57400	57415	58229	59264	61282	7	1	1	1.6	814	1	
1	14	2	0	0	H	C	62299	62315	63013	64046	66064	7	1	-1	1.4	698		0
1	15	2	1	1	C	H	67082	67098	67829	68863	70881	8	0	0	1.4	731		0
1	16	1	1	0	A	D	71899	71914	72325	73346	75364	8	0	1	1.6	411	1	
1	17	2	0	1	C	H	76382	76397	76829	77862	79880	8	0	-1	1.4	432		0
1	18	1	1	1	D	A	80898	80913	81469	82495	84513	7	1	1	1.6	556	1	
1	19	2	1	0	H	C	85531	85546	85973	86994	89012	8	0	-1	1.4	427		1
1	20	1	1	1	D	A	90030	90046	91069	92094	94112	7	1	1	1.6	1023	1	
1	21	2	1	0	H	C	95130	95145	95959	96994	99012	7	1	0	1.6	813		0
1	22	1	1	0	A	D	100029	100045	100509	101544	103561	8	0	1	1.8	464	1	
1	23	2	0	1	C	H	104579	104594	105365	106394	108411	8	0	-1	1.6	770		0
1	24	2	1	1	C	H	109430	109444	110133	111160	113177	8	0	0	1.6	689		0
1	25	1	0	0	A	D	114195	114210	114701	115727	117743	8	0	0	1.6	491	1	
1	26	1	1	1	D	A	118761	118776	119333	120358	122376	7	1	1	1.8	556	1	
1	27	2	1	0	H	C	123394	123409	123853	124874	126893	7	1	0	1.8	443		0
1	28	1	1	0	A	D	127910	127926	128445	129474	131492	8	0	1	2	519	1	
1	29	2	1	1	C	H	132510	132525	132965	133990	136008	8	0	0	2	439		0
1	30	1	0	1	D	A	137026	137041	137461	138491	140508	7	1	0	2	419	1	
1	31	2	1	0	H	C	141524	141541	142045	143074	145091	7	1	0	2	504		0
1	32	2	0	0	H	C	146110	146124	146957	147989	150007	7	1	-1	1.8	833		0
1	33	1	1	1	D	A	151025	151040	151789	152822	154840	7	1	1	2	749	1	
1	34	1	0	0	A	D	155858	155873	156789	157822	159840	8	0	0	2	916	1	
1	35	2	1	1	C	H	160857	160873	161389	162422	164439	7	1	-1	1.8	516		1
1	36	1	1	1	D	A	165457	165472	166221	167253	169272	7	1	1	2	748	1	
1	37	2	0	0	H	C	170290	170305	170901	171936	173955	7	1	-1	1.8	595		0
1	38	1	1	0	A	D	174973	174988	175589	176619	178638	8	0	1	2	600	1	
1	39	2	1	1	C	H	179656	179671	180261	181286	183304	8	0	0	2	590		0
1	40	1	1	0	A	D	184322	184337	184981	186002	188021	8	0	1	2.2	643	1	
1	41	1	0	1	D	A	189038	189054	189813	190836	192853	7	1	0	2.2	759	1	
1	42	2	1	0	H	C	193871	193886	195069	196102	198120	7	1	0	2.2	1182		0
1	43	1	1	0	A	D	199137	199153	199733	200769	202786	8	0	1	2.4	580	1	
1	44	2	0	1	C	H	203804	203819	204357	205384	207402	8	0	-1	2.2	538		0
1	45	2	1	1	C	H	208421	208435	208933	209967	211985	8	0	0	2.2	498		0
1	46	1	1	0	A	D	213003	213018	213397	214434	216451	8	0	1	2.4	379	1	
1	47	2	1	0	H	C	217469	217484	218117	219150	221168	7	1	0	2.4	632		0
1	48	2	1	1	C	H	222185	222201	222709	223733	225751	8	0	0	2.4	508		0
1	49	1	0	1	D	A	226768	226784	227197	228233	230250	7	1	0	2.4	413	1	
1	50	1	1	0	A	D	231268	231283	231661	232682	234700	8	0	1	2.6	377	1	
1	51	2	1	0	H	C	235717	235733	236229	237265	239283	7	1	0	2.6	496		0
1	52	2	0	1	C	H	240300	240316	240941	241964	243982	8	0	-1	2.4	625		0
1	53	1	1	1	D	A	245000	245015	245661	246698	248715	7	1	1	2.6	645	1	
1	54	1	1	1	D	A	249735	249748	250286	251315	253331	7	1	1	2.8	537	1	
1	55	2	1	0	H	C	254349	254365	255293	256314	258331	7	1	0	2.8	928		0
1	56	1	1	0	A	D	259349	259364	260221	261245	263264	8	0	1	3	857	1	
1	57	1	0	1	D	A	264282	264297	264917	265945	267964	7	1	0	3	620	1	
1	58	2	0	0	H	C	268981	268997	269501	270528	272546	7	1	-1	2.8	504		0
1	59	2	1	1	C	H	273564	273580	274165	275195	277213	8	0	0	2.8	585		0
1	60	1	0	0	A	D	278230	278246	278837	279862	281879	8	0	0	2.8	591	1	
2	1	1	1	0	K	X	284849	284862	285877	286911	288928	7	1	0	1	1015	0	
2	2	2	1	1	N	P	289947	289961	290717	291743	293761	8	0	0	1	755		0
2	3	2	1	0	P	N	294779	294794	295709	296742	298761	8	0	-1	0.8	914		1
2	4	1	0	1	X	K	299779	299794	300557	301592	303610	7	1	0	0.8	763	1	
2	5	1	1	1	X	K	304630	304643	305493	306526	308543	8	0	0	0.8	849	0	
2	6	2	1	0	P	N	309561	309576	310205	311226	313243	7	1	0	0.8	628		0
2	7	2	1	1	N	P	314261	314276	315317	316342	318359	8	0	0	0.8	1040		0
2	8	1	1	0	K	X	319377	319392	320149	321176	323192	7	1	0	0.8	756	0	
2	9	2	0	1	N	P	324210	324225	324941	325974	327992	8	0	-1	0.6	715		0
2	10	1	1	1	X	K	329010	329025	329669	330690	332708	8	0	0	0.6	644	0	
2	11	2	1	0	P	N	333726	333741	334533	335556	337574	8	0	-1	0.4	791		1
2	12	1	0	0	K	X	338592	338607	339293	340323	342340	7	1	1	0.6	685	0	
2	13	1	1	1	X	K	343358	343373	345765	346789	348806	8	0	0	0.6	2391	0	
2	14	2	0	0	P	N	349824	349840	350277	351304	353323	7	1	-1	0.4	437		0
2	15	2	1	1	N	P	354341	354356	355197	356221	358239	8	0	0	0.4	841		0
2	16	1	1	0	K	X	359257	359272	360293	361321	363339	7	1	0	0.4	1020	0	
2	17	2	0	1	N	P	364356	364372	365229	366253	368271	8	0	-1	0.2	857		0
2	18	1	1	1	X	K	369289	369305	369909	370936	372954	8	0	0	0.2	604	0	
2	19	2	1	0	P	N	373972	373987	374773	375803	377821	7	1	0	0.2	785		0
2	20	1	1	1	X	K	378838	378854	379349	380370	382387	8	0	0	0.2	495	0	
2	21	2	1	0	P	N	383405	383420	384349	385386	387403	7	1	0	0.2	928		0
2	22	1	1	0	K	X	388421	388436	388981	390002	392019	7	1	0	0.2	544	0	
2	23	2	0	1	N	P	393037	393052	393629	394654	396669	7	1	0	0.2	576		1
2	24	2	1	1	N	P	397688	397702	398845	399869	401885	7	1	-1	5.55111512312578e-17	1142		1
2	25	1	0	0	K	X	402903	402918	403725	404750	406768	8	0	0	5.55111512312578e-17	806	1	
2	26	1	1	1	X	K	407786	407801	409245	410268	412284	8	0	0	5.55111512312578e-17	1443	0	
2	27	2	1	0	P	N	413302	413317	413965	415000	417017	7	1	0	5.55111512312578e-17	647		0
2	28	1	1	0	K	X	418035	418050	419037	420067	422083	7	1	0	5.55111512312578e-17	986	0	
2	29	2	1	1	N	P	423101	423116	423741	424766	426783	8	0	0	5.55111512312578e-17	624		0
2	30	1	0	1	X	K	427801	427816	428485	429515	431533	8	0	1	0.2	668	0	
2	31	2	1	0	P	N	432550	432566	433189	434214	436232	7	1	0	0.2	623		0
2	32	2	0	0	P	N	437252	437265	438133	439163	441182	7	1	-1	5.55111512312578e-17	867		0
2	33	1	1	1	X	K	442199	442215	442773	443798	445815	8	0	0	5.55111512312578e-17	557	0	
2	34	1	0	0	K	X	446832	446848	447741	448762	450781	7	1	1	0.2	893	0	
2	35	2	1	1	N	P	451799	451814	453501	454529	456547	8	0	0	0.2	1686		0
2	36	1	1	1	X	K	457565	457580	459189	460213	462230	8	0	0	0.2	1608	0	
2	37	2	0	0	P	N	463248	463263	464309	465344	467363	7	1	-1	5.55111512312578e-17	1045		0
2	38	1	1	0	K	X	468381	468396	471301	472328	474346	7	1	0	5.55111512312578e-17	2904	0	
2	39	2	1	1	N	P	475363	475379	476541	477562	479578	8	0	0	5.55111512312578e-17	1162		0
2	40	1	1	0	K	X	480596	480611	481749	482778	484795	7	1	0	5.55111512312578e-17	1137	0	
2	41	1	0	1	X	K	485813	485828	486717	487742	489761	8	0	1	0.2	889	0	
2	42	2	1	0	P	N	490779	490794	491301	492326	494344	7	1	0	0.2	506		0
2	43	1	1	0	K	X	495361	495377	496117	497143	499160	7	1	0	0.2	739	0	
2	44	2	0	1	N	P	500178	500193	500861	501892	503910	8	0	-1	5.55111512312578e-17	667		0
2	45	2	1	1	N	P	504929	504943	505813	506841	508859	7	1	-1	0	870		1
2	46	1	1	0	K	X	509877	509892	510557	511591	513609	7	1	0	0	664	0	
2	47	2	1	0	P	N	514627	514642	515277	516307	518325	7	1	0	0	634		0
2	48	2	1	1	N	P	519343	519358	520357	521391	523408	8	0	0	0	998		0
2	49	1	0	1	X	K	524426	524441	524933	525955	527974	8	0	1	0.2	491	0	
2	50	1	1	0	K	X	528992	529007	529877	530906	532924	7	1	0	0.2	869	0	
2	51	2	1	0	P	N	533941	533957	534405	535440	537457	7	1	0	0.2	447		0
2	52	2	0	1	N	P	538474	538490	539349	540371	542390	8	0	-1	0	858		0
2	53	1	1	1	X	K	543407	543423	544213	545237	547256	8	0	0	0	790	0	
2	54	1	1	1	X	K	548275	548289	548893	549921	551939	8	0	0	0	603	0	
2	55	2	1	0	P	N	552957	552972	553917	554937	556955	7	1	0	0	944		0
2	56	1	1	0	K	X	557973	557988	558805	559838	561855	7	1	0	0	816	0	
2	57	1	0	1	X	K	562872	562888	563549	564570	566587	8	0	1	0.2	661	0	
2	58	2	0	0	P	N	567606	567621	568612	569634	571654	7	1	-1	0	991		0
2	59	2	1	1	N	P	572671	572687	573413	574435	576453	8	0	0	0	725		0
2	60	1	0	0	K	X	577471	577486	578189	579217	581236	7	1	1	0.2	702	0	
3	1	2	1	0	I	F	626502	626515	627461	628479	630499	7	1	0	1	945		0
3	2	1	1	1	G	E	631518	631532	632469	633496	635515	7	1	1	1.2	936	1	
3	3	1	1	0	E	G	636532	636548	637420	638446	640464	7	1	0	1.2	872	0	
3	4	2	0	1	F	I	641481	641497	642036	643063	645081	7	1	0	1.2	539		1
3	5	2	1	1	F	I	646100	646114	647021	648044	650064	7	1	-1	1	906		1
3	6	1	1	0	E	G	651081	651097	651452	652478	654496	8	0	1	1.2	355	1	
3	7	1	1	1	G	E	655514	655530	656301	657329	659346	7	1	1	1.4	771	1	
3	8	2	1	0	I	F	660364	660379	660828	661861	663879	7	1	0	1.4	449		0
3	9	1	0	1	G	E	664897	664912	665573	666595	668612	7	1	0	1.4	660	1	
3	10	2	1	1	F	I	669630	669645	670085	671111	673128	8	0	0	1.4	439		0
3	11	1	1	0	E	G	674146	674161	674797	675826	677844	8	0	1	1.6	635	1	
3	12	2	0	0	I	F	678862	678877	680188	681210	683227	7	1	-1	1.4	1310		0
3	13	2	1	1	F	I	684245	684260	685132	686162	688177	8	0	0	1.4	871		0
3	14	1	0	0	E	G	689195	689210	689692	690727	692743	8	0	0	1.4	482	1	
3	15	1	1	1	G	E	693761	693776	694453	695475	697493	7	1	1	1.6	676	1	
3	16	2	1	0	I	F	698510	698526	699788	700824	702842	7	1	0	1.6	1262		0
3	17	1	0	1	G	E	703860	703875	704580	705607	707625	7	1	0	1.6	705	1	
3	18	2	1	1	F	I	708643	708658	709260	710290	712308	8	0	0	1.6	602		0
3	19	1	1	0	E	G	713326	713341	714020	715057	717074	8	0	1	1.8	679	1	
3	20	2	1	1	F	I	718092	718107	718868	719889	721907	8	0	0	1.8	760		0
3	21	1	1	0	E	G	722925	722940	723660	724688	726707	8	0	1	2	720	1	
3	22	2	1	0	I	F	727725	727740	728364	729388	731406	7	1	0	2	624		0
3	23	1	0	1	G	E	732424	732439	732900	733922	735939	7	1	0	2	460	1	
3	24	1	1	1	G	E	736959	736972	738252	739287	741306	7	1	1	2.2	1279	1	
3	25	2	0	0	I	F	742323	742339	742916	743936	745955	7	1	-1	2	577		0
3	26	2	1	1	F	I	746973	746988	748092	749120	751138	7	1	-1	1.8	1104		1
3	27	1	1	0	E	G	752156	752171	752628	753653	755671	7	1	0	1.8	457	0	
3	28	2	1	0	I	F	756689	756704	757764	758787	760804	7	1	0	1.8	1060		0
3	29	1	1	1	G	E	761822	761837	762444	763468	765487	7	1	1	2	607	1	
3	30	2	0	1	F	I	766505	766520	766988	768017	770036	8	0	-1	1.8	468		0
3	31	1	1	0	E	G	771054	771069	772196	773218	775236	8	0	1	2	1126	1	
3	32	1	0	0	E	G	776255	776269	777156	778185	780202	8	0	0	2	887	1	
3	33	2	1	1	F	I	781220	781235	781660	782683	784702	7	1	-1	1.8	425		1
3	34	2	0	0	I	F	785719	785735	786892	787917	789935	7	1	-1	1.6	1157		0
3	35	1	1	1	G	E	790952	790968	791924	792950	794968	7	1	1	1.8	956	1	
3	36	2	1	1	F	I	795985	796001	796564	797599	799617	8	0	0	1.8	563		0
3	37	1	0	0	E	G	800635	800650	801436	802466	804483	8	0	0	1.8	786	1	
3	38	2	1	0	I	F	805501	805516	805916	806949	808966	7	1	0	1.8	399		0
3	39	1	1	1	G	E	809984	809999	810524	811547	813566	7	1	1	2	524	1	
3	40	2	1	0	I	F	814584	814599	815044	816064	818082	7	1	0	2	445		0
3	41	2	0	1	F	I	819100	819115	819820	820846	822865	8	0	-1	1.8	704		0
3	42	1	1	0	E	G	823883	823898	824484	825513	827531	8	0	1	2	586	1	
3	43	2	1	0	I	F	828549	828564	829252	830280	832298	7	1	0	2	687		0
3	44	1	0	1	G	E	833315	833331	833916	834948	836964	7	1	0	2	585	1	
3	45	1	1	1	G	E	837984	837997	838740	839761	841780	7	1	1	2.2	743	1	
3	46	2	1	0	I	F	842798	842813	843508	844528	846546	7	1	0	2.2	694		0
3	47	1	1	0	E	G	847564	847579	848644	849680	851696	8	0	1	2.4	1064	1	
3	48	1	1	1	G	E	852714	852729	853308	854345	856362	7	1	1	2.6	579	1	
3	49	2	0	1	F	I	857380	857395	857924	858944	860962	8	0	-1	2.4	528		0
3	50	2	1	0	I	F	861980	861995	862444	863477	865495	8	0	-1	2.2	449		1
3	51	1	1	0	E	G	866513	866528	867300	868327	870344	8	0	1	2.4	772	1	
3	52	1	0	1	G	E	871362	871377	871916	872943	874961	8	0	1	2.6	538	0	
3	53	2	1	1	F	I	875978	875994	876668	877693	879710	8	0	0	2.6	674		0
3	54	2	1	1	F	I	880730	880743	881484	882509	884526	8	0	0	2.6	740		0
3	55	1	1	0	E	G	885544	885559	885988	887009	889026	7	1	0	2.6	428	0	
3	56	2	1	0	I	F	890044	890059	890516	891541	893559	7	1	0	2.6	457		0
3	57	2	0	1	F	I	894577	894592	895676	896708	898725	8	0	-1	2.4	1083		0
3	58	1	0	0	E	G	899743	899758	900669	901692	903708	8	0	0	2.4	910	1	
3	59	1	1	1	G	E	904726	904741	905668	906690	908708	7	1	1	2.6	927	1	
3	60	2	0	0	I	F	909725	909741	910236	911256	913274	7	1	-1	2.4	495		0
Total money won 5.4
