Participant p016visit number -1
Stimuli number 1
Scanner Trigger at time 177000
run_number	trial_number	trial_type	outcome_type	side_type	left_stim	right_stim	stim_onset	choice_onset	interval_onset	outcome_onset	ITI_onset	button_pressed	side_chosen	trial_outcome	total	reaction_time	win_out	loss_out
1	1	1	1	0	A	D	3	17	1363	2401	4417	7	1	0	1	1345	0	
1	2	2	1	1	C	H	5438	5450	6436	7466	9483	8	0	0	1	985		0
1	3	2	1	0	H	C	10501	10516	11475	12499	14516	7	1	0	1	958		0
1	4	1	0	1	D	A	15534	15549	16091	17115	19133	8	0	1	1.2	541	0	
1	5	1	1	1	D	A	20152	20166	21187	22214	24232	8	0	0	1.2	1021	0	
1	6	2	1	0	H	C	25252	25265	26427	27450	29465	8	0	-1	1	1161		1
1	7	2	1	1	C	H	30483	30498	31747	32780	34798	7	1	-1	0.8	1248		1
1	8	1	1	0	A	D	35817	35831	37139	38163	40181	7	1	0	0.8	1307	0	
1	9	2	0	1	C	H	41199	41214	42035	43063	45080	8	0	-1	0.6	820		0
1	10	1	1	1	D	A	46098	46113	47787	48812	50830	8	0	0	0.6	1673	0	
1	11	2	1	0	H	C	51848	51863	52403	53428	55446	8	0	-1	0.4	539		1
1	12	1	0	0	A	D	56464	56479	57563	58595	60612	7	1	1	0.6	1083	0	
1	13	1	1	1	D	A	61649	61662	62595	63627	65645	8	0	0	0.6	932	0	
1	14	2	0	0	H	C	66663	66678	67123	68143	70161	7	1	-1	0.4	444		0
1	15	2	1	1	C	H	71179	71194	72267	73295	75311	7	1	-1	0.2	1072		1
1	16	1	1	0	A	D	76329	76344	78299	79326	81344	8	0	1	0.4	1954	1	
1	17	2	0	1	C	H	82361	82377	83275	84308	86327	8	0	-1	0.2	897		0
1	18	1	1	1	D	A	87344	87360	88443	89475	91493	7	1	1	0.4	1082	1	
1	19	2	1	0	H	C	92511	92526	93131	94158	96176	8	0	-1	0.2	604		1
1	20	1	1	1	D	A	97193	97209	97603	98625	100642	7	1	1	0.4	393	1	
1	21	2	1	0	H	C	101660	101675	102107	103140	105158	7	1	0	0.4	431		0
1	22	1	1	0	A	D	106176	106191	107275	108307	110325	8	0	1	0.6	1083	1	
1	23	2	0	1	C	H	111342	111358	111771	112807	114824	8	0	-1	0.4	413		0
1	24	2	1	1	C	H	115843	115857	117011	118040	120057	7	1	-1	0.2	1153		1
1	25	1	0	0	A	D	121075	121090	121499	122522	124540	8	0	0	0.2	408	1	
1	26	1	1	1	D	A	125558	125573	126291	127321	129340	7	1	1	0.4	718	1	
1	27	2	1	0	H	C	130357	130373	130971	132005	134022	8	0	-1	0.2	598		1
1	28	1	1	0	A	D	135041	135055	135691	136721	138739	8	0	1	0.4	635	1	
1	29	2	1	1	C	H	139756	139772	140187	141220	143238	8	0	0	0.4	414		0
1	30	1	0	1	D	A	144256	144271	144939	145970	147988	7	1	0	0.4	667	1	
1	31	2	1	0	H	C	149006	149021	149563	150587	152604	7	1	0	0.4	541		0
1	32	2	0	0	H	C	153624	153637	154699	155721	157737	8	0	0	0.4	1061		1
1	33	1	1	1	D	A	158755	158770	159747	160770	162787	8	0	0	0.4	976	0	
1	34	1	0	0	A	D	163804	163820	164603	165638	167653	8	0	0	0.4	782	1	
1	35	2	1	1	C	H	168670	168686	169315	170335	172352	7	1	-1	0.2	628		1
1	36	1	1	1	D	A	173371	173385	175635	176667	178685	8	0	0	0.2	2249	0	
1	37	2	0	0	H	C	179703	179718	180275	181302	183318	7	1	-1	5.55111512312578e-17	556		0
1	38	1	1	0	A	D	184336	184351	186955	187983	190001	8	0	1	0.2	2603	1	
1	39	2	1	1	C	H	191019	191034	191563	192583	194600	8	0	0	0.2	528		0
1	40	1	1	0	A	D	195618	195634	195971	196999	199017	8	0	1	0.4	336	1	
1	41	1	0	1	D	A	200034	200050	200995	202016	204033	7	1	0	0.4	944	1	
1	42	2	1	0	H	C	205051	205066	205531	206565	208583	7	1	0	0.4	464		0
1	43	1	1	0	A	D	209600	209616	210139	211165	213182	7	1	0	0.4	523	0	
1	44	2	0	1	C	H	214200	214215	215227	216246	218265	8	0	-1	0.2	1011		0
1	45	2	1	1	C	H	219284	219298	220283	221314	223331	7	1	-1	5.55111512312578e-17	984		1
1	46	1	1	0	A	D	224349	224364	225363	226396	228414	8	0	1	0.2	997	1	
1	47	2	1	0	H	C	229432	229447	230083	231112	233130	7	1	0	0.2	635		0
1	48	2	1	1	C	H	234148	234163	234947	235979	237997	8	0	0	0.2	782		0
1	49	1	0	1	D	A	239014	239030	239411	240445	242463	7	1	0	0.2	380	1	
1	50	1	1	0	A	D	243481	243496	244163	245194	247213	8	0	1	0.4	666	1	
1	51	2	1	0	H	C	248230	248246	248715	249744	251762	7	1	0	0.4	468		0
1	52	2	0	1	C	H	252780	252795	253394	254427	256445	8	0	-1	0.2	598		0
1	53	1	1	1	D	A	257463	257478	258179	259210	261228	8	0	0	0.2	700	0	
1	54	1	1	1	D	A	262247	262261	263395	264427	266444	8	0	0	0.2	1133	0	
1	55	2	1	0	H	C	267462	267477	268003	269025	271044	8	0	-1	5.55111512312578e-17	525		1
1	56	1	1	0	A	D	272061	272077	274051	275075	277093	7	1	0	5.55111512312578e-17	1973	0	
1	57	1	0	1	D	A	278111	278126	278803	279826	281843	7	1	0	5.55111512312578e-17	675	1	
1	58	2	0	0	H	C	282861	282876	283259	284290	286309	7	1	-1	0	382		0
1	59	2	1	1	C	H	287327	287342	287914	288941	290959	7	1	-1	0	572		1
1	60	1	0	0	A	D	291976	291992	292795	293824	295842	8	0	0	0	802	1	
2	1	2	1	0	P	N	298959	298974	300362	301391	303408	7	1	0	1	1387		0
2	2	1	1	1	X	K	304428	304441	305467	306490	308507	8	0	0	1	1025	0	
2	3	1	1	0	K	X	309525	309540	310330	311356	313373	7	1	0	1	789	0	
2	4	2	0	1	N	P	314391	314406	315187	316220	318240	8	0	-1	0.8	779		0
2	5	2	1	1	N	P	319259	319273	320283	321305	323322	7	1	-1	0.6	1009		1
2	6	1	1	0	K	X	324340	324356	325426	326454	328472	8	0	1	0.8	1070	1	
2	7	1	1	1	X	K	329490	329505	330410	331438	333455	7	1	1	1	905	1	
2	8	2	1	0	P	N	334473	334488	335066	336086	338105	8	0	-1	0.8	578		1
2	9	1	0	1	X	K	339122	339138	340099	341119	343137	7	1	0	0.8	960	1	
2	10	2	1	1	N	P	344155	344170	344770	345803	347820	8	0	0	0.8	599		0
2	11	1	1	0	K	X	348838	348853	349411	350435	352453	8	0	1	1	556	1	
2	12	2	0	0	P	N	353471	353486	353898	354917	356936	7	1	-1	0.8	411		0
2	13	2	1	1	N	P	357954	357969	358962	359984	362002	8	0	0	0.8	992		0
2	14	1	0	0	K	X	363020	363035	363506	364535	366552	8	0	0	0.8	470	1	
2	15	1	1	1	X	K	367570	367585	368203	369234	371252	7	1	1	1	617	1	
2	16	2	1	0	P	N	372269	372285	372763	373783	375801	8	0	-1	0.8	477		1
2	17	1	0	1	X	K	376819	376834	377666	378699	380717	7	1	0	0.8	831	1	
2	18	2	1	1	N	P	381735	381751	382458	383483	385500	8	0	0	0.8	707		0
2	19	1	1	0	K	X	386518	386533	386906	387933	389950	7	1	0	0.8	372	0	
2	20	2	1	1	N	P	390968	390983	391370	392398	394416	8	0	0	0.8	387		0
2	21	1	1	0	K	X	395434	395449	395922	396948	398966	8	0	1	1	472	1	
2	22	2	1	0	P	N	399984	399999	401035	402064	404082	7	1	0	1	1035		0
2	23	1	0	1	X	K	405100	405115	405731	406764	408782	7	1	0	1	615	1	
2	24	1	1	1	X	K	409801	409815	410586	411613	413631	7	1	1	1.2	771	1	
2	25	2	0	0	P	N	414649	414664	415178	416212	418231	7	1	-1	1	513		0
2	26	2	1	1	N	P	419249	419264	420146	421179	423197	8	0	0	1	882		0
2	27	1	1	0	K	X	424215	424230	424842	425863	427880	7	1	0	1	611	0	
2	28	2	1	0	P	N	428898	428913	429658	430677	432696	8	0	-1	0.8	744		1
2	29	1	1	1	X	K	433714	433729	434242	435278	437296	8	0	0	0.8	512	0	
2	30	2	0	1	N	P	438314	438329	438714	439744	441762	8	0	-1	0.6	385		0
2	31	1	1	0	K	X	442780	442795	443594	444627	446645	8	0	1	0.8	798	1	
2	32	1	0	0	K	X	447664	447678	448394	449427	451445	8	0	0	0.8	715	1	
2	33	2	1	1	N	P	452462	452478	453578	454609	456627	7	1	-1	0.6	1100		1
2	34	2	0	0	P	N	457645	457661	458482	459509	461527	7	1	-1	0.4	821		0
2	35	1	1	1	X	K	462545	462560	463810	464842	466860	7	1	1	0.6	1249	1	
2	36	2	1	1	N	P	467878	467893	468258	469291	471310	8	0	0	0.6	364		0
2	37	1	0	0	K	X	472327	472343	473066	474091	476109	7	1	1	0.8	723	0	
2	38	2	1	0	P	N	477127	477142	477618	478641	480659	7	1	0	0.8	475		0
2	39	1	1	1	X	K	481676	481692	482194	483224	485242	8	0	0	0.8	502	0	
2	40	2	1	0	P	N	486260	486275	486842	487874	489891	7	1	0	0.8	567		0
2	41	2	0	1	N	P	490909	490924	491410	492439	494457	8	0	-1	0.6	485		0
2	42	1	1	0	K	X	495475	495491	495810	496839	498857	7	1	0	0.6	319	0	
2	43	2	1	0	P	N	499875	499890	500810	501839	503857	8	0	-1	0.4	919		1
2	44	1	0	1	X	K	504874	504890	505578	506605	508623	8	0	1	0.6	688	0	
2	45	1	1	1	X	K	509642	509656	510290	511321	513339	8	0	0	0.6	633	0	
2	46	2	1	0	P	N	514357	514372	514850	515871	517889	7	1	0	0.6	477		0
2	47	1	1	0	K	X	518907	518922	519514	520538	522555	7	1	0	0.6	592	0	
2	48	1	1	1	X	K	523573	523588	524154	525187	527205	8	0	0	0.6	565	0	
2	49	2	0	1	N	P	528222	528238	528642	529669	531688	8	0	-1	0.4	404		0
2	50	2	1	0	P	N	532705	532721	533714	534736	536754	8	0	-1	0.2	992		1
2	51	1	1	0	K	X	537771	537787	538402	539435	541453	7	1	0	0.2	614	0	
2	52	1	0	1	X	K	542471	542486	543602	544636	546653	7	1	0	0.2	1115	1	
2	53	2	1	1	N	P	547671	547686	548258	549283	551303	7	1	-1	5.55111512312578e-17	571		1
2	54	2	1	1	N	P	552321	552336	553034	554067	556085	7	1	-1	0	698		1
2	55	1	1	0	K	X	557103	557118	557890	558917	560935	7	1	0	0	771	0	
2	56	2	1	0	P	N	561953	561968	562514	563550	565568	7	1	0	0	545		0
2	57	2	0	1	N	P	566586	566601	567338	568366	570384	8	0	-1	0	736		0
2	58	1	0	0	K	X	571402	571417	572282	573315	575334	7	1	1	0.2	864	0	
2	59	1	1	1	X	K	576351	576367	577082	578116	580133	7	1	1	0.4	714	1	
2	60	2	0	0	P	N	581151	581166	581946	582982	585000	8	0	0	0.4	779		1
3	1	1	1	0	E	G	587602	587616	588794	589814	591832	8	0	1	1.2	1177	1	
3	2	2	1	1	F	I	592851	592865	593802	594830	596848	8	0	0	1.2	936		0
3	3	2	1	0	I	F	597866	597882	599074	600098	602115	7	1	0	1.2	1192		0
3	4	1	0	1	G	E	603132	603148	603938	604963	606981	7	1	0	1.2	789	1	
3	5	1	1	1	G	E	608000	608014	608594	609629	611647	7	1	1	1.4	579	1	
3	6	2	1	0	I	F	612665	612680	613154	614179	616197	7	1	0	1.4	473		0
3	7	2	1	1	F	I	617214	617230	618282	619313	621330	8	0	0	1.4	1051		0
3	8	1	1	0	E	G	622347	622363	622938	623962	625979	8	0	1	1.6	574	1	
3	9	2	0	1	F	I	626997	627012	627522	628544	630562	7	1	0	1.6	509		1
3	10	1	1	1	G	E	631580	631595	632114	633145	635162	7	1	1	1.8	518	1	
3	11	2	1	0	I	F	636179	636195	636610	637644	639661	7	1	0	1.8	414		0
3	12	1	0	0	E	G	640679	640694	641274	642310	644328	8	0	0	1.8	579	1	
3	13	1	1	1	G	E	645345	645361	646282	647308	649327	7	1	1	2	920	1	
3	14	2	0	0	I	F	650345	650360	650754	651774	653793	7	1	-1	1.8	393		0
3	15	2	1	1	F	I	654811	654827	655810	656842	658860	7	1	-1	1.6	983		1
3	16	1	1	0	E	G	659877	659893	660338	661358	663376	8	0	1	1.8	444	1	
3	17	2	0	1	F	I	664394	664409	664986	666007	668026	8	0	-1	1.6	576		0
3	18	1	1	1	G	E	669043	669059	669602	670624	672642	7	1	1	1.8	542	1	
3	19	2	1	0	I	F	673660	673675	674114	675140	677158	8	0	-1	1.6	438		1
3	20	1	1	1	G	E	678176	678191	678914	679940	681958	7	1	1	1.8	722	1	
3	21	2	1	0	I	F	682975	682991	683362	684389	686407	8	0	-1	1.6	370		1
3	22	1	1	0	E	G	687425	687440	688050	689072	691090	8	0	1	1.8	609	1	
3	23	2	0	1	F	I	692108	692123	692522	693555	695573	8	0	-1	1.6	398		0
3	24	2	1	1	F	I	696593	696606	697482	698505	700523	7	1	-1	1.4	875		1
3	25	1	0	0	E	G	701541	701556	702138	703171	705189	8	0	0	1.4	581	1	
3	26	1	1	1	G	E	706207	706222	706938	707970	709989	7	1	1	1.6	715	1	
3	27	2	1	0	I	F	711006	711022	711402	712437	714455	8	0	-1	1.4	379		1
3	28	1	1	0	E	G	715472	715488	715930	716953	718971	7	1	0	1.4	441	0	
3	29	2	1	1	F	I	719989	720004	720618	721653	723671	8	0	0	1.4	613		0
3	30	1	0	1	G	E	724688	724704	725257	726287	728304	7	1	0	1.4	553	1	
3	31	2	1	0	I	F	729321	729337	729842	730869	732887	7	1	0	1.4	504		0
3	32	2	0	0	I	F	733906	733920	734706	735735	737753	7	1	-1	1.2	785		0
3	33	1	1	1	G	E	738771	738786	739226	740252	742269	7	1	1	1.4	439	1	
3	34	1	0	0	E	G	743287	743302	744538	745567	747585	8	0	0	1.4	1235	1	
3	35	2	1	1	F	I	748603	748618	748890	749917	751935	7	1	-1	1.2	270		1
3	36	1	1	1	G	E	752952	752968	753570	754600	756618	7	1	1	1.4	601	1	
3	37	2	0	0	I	F	757635	757651	758138	759166	761184	8	0	0	1.4	486		1
3	38	1	1	0	E	G	762202	762217	762625	763649	765667	8	0	1	1.6	408	1	
3	39	2	1	1	F	I	766685	766700	767138	768165	770183	8	0	0	1.6	437		0
3	40	1	1	0	E	G	771201	771216	771626	772649	774666	8	0	1	1.8	408	1	
3	41	1	0	1	G	E	775684	775699	776377	777398	779416	7	1	0	1.8	677	1	
3	42	2	1	0	I	F	780433	780449	780993	782014	784032	8	0	-1	1.6	544		1
3	43	1	1	0	E	G	785050	785065	785490	786514	788532	8	0	1	1.8	424	1	
3	44	2	0	1	F	I	789549	789565	790105	791129	793148	8	0	-1	1.6	540		0
3	45	2	1	1	F	I	794167	794181	795186	796213	798231	8	0	0	1.6	1004		0
3	46	1	1	0	E	G	799248	799264	799914	800946	802964	8	0	1	1.8	649	1	
3	47	2	1	0	I	F	803981	803997	804426	805462	807480	7	1	0	1.8	428		0
3	48	2	1	1	F	I	808498	808513	809737	810762	812780	8	0	0	1.8	1224		0
3	49	1	0	1	G	E	813797	813813	814298	815328	817346	7	1	0	1.8	484	1	
3	50	1	1	0	E	G	818364	818379	818961	819993	822012	8	0	1	2	582	1	
3	51	2	1	0	I	F	823030	823045	823498	824527	826545	7	1	0	2	452		0
3	52	2	0	1	F	I	827563	827578	828401	829426	831445	8	0	-1	1.8	823		0
3	53	1	1	1	G	E	832463	832478	833018	834043	836061	7	1	1	2	539	1	
3	54	1	1	1	G	E	837080	837094	837753	838776	840794	7	1	1	2.2	659	1	
3	55	2	1	0	I	F	841811	841827	842233	843258	845277	8	0	-1	2	406		1
3	56	1	1	0	E	G	846294	846310	846938	847957	849976	8	0	1	2.2	627	1	
3	57	1	0	1	G	E	850994	851009	851826	852858	854876	7	1	0	2.2	815	1	
3	58	2	0	0	I	F	855893	855909	856265	857291	859309	7	1	-1	2	356		0
3	59	2	1	1	F	I	860327	860342	861081	862107	864125	8	0	0	2	739		0
3	60	1	0	0	E	G	865143	865158	865673	866707	868725	8	0	0	2	514	1	
Total money won 2.4
