Participant p017v2visit number -1
Stimuli number 1
Scanner Trigger at time 90000
run_number	trial_number	trial_type	outcome_type	side_type	left_stim	right_stim	stim_onset	choice_onset	interval_onset	outcome_onset	ITI_onset	button_pressed	side_chosen	trial_outcome	total	reaction_time	win_out	loss_out
1	1	2	1	0	C	H	3	8	737	1756	3775	7	1	0	1	728		0
1	2	1	1	1	D	A	4794	4808	5617	6642	8658	8	0	0	1	809	0	
1	3	1	1	0	A	D	9676	9691	10225	11256	13274	7	1	0	1	534	0	
1	4	2	0	1	H	C	14292	14307	14745	15777	17790	8	0	-1	0.8	437		0
1	5	2	1	1	H	C	18809	18823	19369	20389	22407	8	0	0	0.8	545		0
1	6	1	1	0	A	D	23428	23440	24241	25272	27290	7	1	0	0.8	801	0	
1	7	1	1	1	D	A	28307	28323	28841	29870	31889	7	1	1	1	518	1	
1	8	2	1	0	C	H	32907	32922	33721	34754	36772	8	0	-1	0.8	798		1
1	9	1	0	1	D	A	37790	37805	38737	39770	41788	7	1	0	0.8	931	1	
1	10	2	1	1	H	C	42806	42821	43577	44604	46621	8	0	0	0.8	755		0
1	11	1	1	0	A	D	47639	47654	48585	49618	51637	8	0	1	1	930	1	
1	12	2	0	0	C	H	52655	52670	53833	54869	56887	8	0	0	1	1162		1
1	13	2	1	1	H	C	57905	57920	58657	59684	61703	7	1	-1	0.8	737		1
1	14	1	0	0	A	D	62721	62736	63897	64919	66936	7	1	1	1	1160	0	
1	15	1	1	1	D	A	67954	67969	68673	69701	71719	8	0	0	1	703	0	
1	16	2	1	0	C	H	72737	72752	74249	75285	77302	7	1	0	1	1496		0
1	17	1	0	1	D	A	78320	78335	78977	80000	82018	8	0	1	1.2	642	0	
1	18	2	1	1	H	C	83036	83051	83841	84867	86884	8	0	0	1.2	789		0
1	19	1	1	0	A	D	87902	87917	88553	89584	91601	7	1	0	1.2	635	0	
1	20	2	1	1	H	C	92618	92634	93297	94333	96350	8	0	0	1.2	663		0
1	21	1	1	0	A	D	97368	97383	98177	99199	101216	7	1	0	1.2	793	0	
1	22	2	1	0	C	H	102234	102249	103809	104830	106849	8	0	-1	1	1559		1
1	23	1	0	1	D	A	107867	107882	109161	110180	112199	7	1	0	1	1278	1	
1	24	1	1	1	D	A	113218	113232	114097	115131	117148	8	0	0	1	865	0	
1	25	2	0	0	C	H	118166	118181	119201	120230	122248	8	0	0	1	1019		1
1	26	2	1	1	H	C	123266	123281	124457	125478	127497	7	1	-1	0.8	1176		1
1	27	1	1	0	A	D	128515	128530	129553	130579	132597	7	1	0	0.8	1022	0	
1	28	2	1	0	C	H	133615	133630	134881	135912	137930	8	0	-1	0.6	1250		1
1	29	1	1	1	D	A	138947	138963	140337	141362	143379	8	0	0	0.6	1374	0	
1	30	2	0	1	H	C	144397	144412	145625	146662	148679	7	1	0	0.6	1212		1
1	31	1	1	0	A	D	149697	149712	150169	151194	153212	8	0	1	0.8	456	1	
1	32	1	0	0	A	D	154231	154245	154761	155794	157811	8	0	0	0.8	515	1	
1	33	2	1	1	H	C	158829	158845	160393	161427	163444	8	0	0	0.8	1548		0
1	34	2	0	0	C	H	164462	164477	165697	166726	168744	7	1	-1	0.6	1219		0
1	35	1	1	1	D	A	169761	169777	170513	171542	173560	7	1	1	0.8	736	1	
1	36	2	1	1	H	C	174578	174593	175561	176592	178610	8	0	0	0.8	967		0
1	37	1	0	0	A	D	179627	179643	180225	181259	183276	8	0	0	0.8	582	1	
1	38	2	1	0	C	H	184294	184309	185385	186408	188425	7	1	0	0.8	1075		0
1	39	1	1	1	D	A	189443	189459	190249	191273	193292	7	1	1	1	790	1	
1	40	2	1	0	C	H	194309	194325	195249	196273	198291	7	1	0	1	924		0
1	41	2	0	1	H	C	199309	199324	199849	200872	202891	8	0	-1	0.8	524		0
1	42	1	1	0	A	D	203909	203924	204673	205705	207724	8	0	1	1	748	1	
1	43	2	1	0	C	H	208741	208757	210105	211137	213157	8	0	-1	0.8	1347		1
1	44	1	0	1	D	A	214174	214190	214857	215888	217906	7	1	0	0.8	667	1	
1	45	1	1	1	D	A	218925	218939	219601	220621	222639	7	1	1	1	661	1	
1	46	2	1	0	C	H	223657	223672	224753	225787	227805	8	0	-1	0.8	1080		1
1	47	1	1	0	A	D	228823	228838	229753	230787	232805	8	0	1	1	914	1	
1	48	1	1	1	D	A	233823	233838	234537	235570	237588	7	1	1	1.2	698	1	
1	49	2	0	1	H	C	238606	238621	239409	240435	242454	8	0	-1	1	787		0
1	50	2	1	0	C	H	243472	243487	244089	245120	247137	7	1	0	1	601		0
1	51	1	1	0	A	D	248155	248170	248953	249985	252003	8	0	1	1.2	782	1	
1	52	1	0	1	D	A	253021	253036	253449	254485	256503	7	1	0	1.2	412	1	
1	53	2	1	1	H	C	257521	257536	258481	259501	261519	8	0	0	1.2	944		0
1	54	2	1	1	H	C	262538	262552	263249	264285	266302	8	0	0	1.2	696		0
1	55	1	1	0	A	D	267320	267335	268081	269118	271135	8	0	1	1.4	745	1	
1	56	2	1	0	C	H	272153	272168	273649	274683	276701	8	0	-1	1.2	1480		1
1	57	2	0	1	H	C	277719	277734	278561	279582	281601	8	0	-1	1	826		0
1	58	1	0	0	A	D	282618	282634	283737	284766	286784	8	0	0	1	1102	1	
1	59	1	1	1	D	A	287801	287817	288353	289381	291400	7	1	1	1.2	535	1	
1	60	2	0	0	C	H	292417	292433	293193	294214	296233	7	1	-1	1	759		0
2	1	1	1	0	K	X	299052	299066	300793	301813	303832	8	0	1	1.2	1727	1	
2	2	2	1	1	P	N	304850	304865	306241	307264	309282	8	0	0	1.2	1375		0
2	3	2	1	0	N	P	310299	310315	311713	312745	314764	8	0	-1	1	1397		1
2	4	1	0	1	X	K	315782	315797	316953	317979	319997	8	0	1	1.2	1155	0	
2	5	1	1	1	X	K	321017	321030	322169	323196	325214	7	1	1	1.4	1138	1	
2	6	2	1	0	N	P	326231	326247	327257	328279	330296	7	1	0	1.4	1010		0
2	7	2	1	1	P	N	331314	331329	332489	333512	335529	8	0	0	1.4	1159		0
2	8	1	1	0	K	X	336547	336562	337137	338162	340179	7	1	0	1.4	574	0	
2	9	2	0	1	P	N	341197	341212	341873	342894	344912	8	0	-1	1.2	660		0
2	10	1	1	1	X	K	345930	345945	346745	347777	349795	7	1	1	1.4	799	1	
2	11	2	1	0	N	P	350813	350828	351753	352776	354794	8	0	-1	1.2	924		1
2	12	1	0	0	K	X	355812	355827	356617	357643	359661	8	0	0	1.2	789	1	
2	13	1	1	1	X	K	360678	360694	361440	362475	364493	7	1	1	1.4	746	1	
2	14	2	0	0	N	P	365511	365526	366681	367708	369726	7	1	-1	1.2	1154		0
2	15	2	1	1	P	N	370744	370759	371697	372725	374743	8	0	0	1.2	937		0
2	16	1	1	0	K	X	375761	375776	376705	377741	379759	8	0	1	1.4	928	1	
2	17	2	0	1	P	N	380776	380792	381577	382607	384625	8	0	-1	1.2	784		0
2	18	1	1	1	X	K	385643	385658	386433	387457	389475	7	1	1	1.4	774	1	
2	19	2	1	0	N	P	390492	390508	391153	392173	394191	8	0	-1	1.2	644		1
2	20	1	1	1	X	K	395209	395224	395929	396956	398974	7	1	1	1.4	704	1	
2	21	2	1	0	N	P	399991	400007	401065	402089	404107	7	1	0	1.4	1057		0
2	22	1	1	0	K	X	405124	405140	405536	406572	408590	8	0	1	1.6	396	1	
2	23	2	0	1	P	N	409607	409623	410337	411371	413389	8	0	-1	1.4	713		0
2	24	2	1	1	P	N	414408	414422	414888	415921	417939	7	1	-1	1.2	466		1
2	25	1	0	0	K	X	418956	418972	419601	420621	422638	8	0	0	1.2	628	1	
2	26	1	1	1	X	K	423656	423671	424704	425737	427755	7	1	1	1.4	1032	1	
2	27	2	1	0	N	P	428772	428788	429569	430603	432621	7	1	0	1.4	781		0
2	28	1	1	0	K	X	433638	433654	434512	435536	437554	8	0	1	1.6	858	1	
2	29	2	1	1	P	N	438571	438587	439121	440152	442170	8	0	0	1.6	533		0
2	30	1	0	1	X	K	443188	443203	443872	444902	446920	7	1	0	1.6	669	1	
2	31	2	1	0	N	P	447937	447953	448729	449752	451769	7	1	0	1.6	775		0
2	32	2	0	0	N	P	452788	452802	453368	454401	456419	7	1	-1	1.4	566		0
2	33	1	1	1	X	K	457437	457452	458032	459067	461085	7	1	1	1.6	580	1	
2	34	1	0	0	K	X	462103	462118	462704	463734	465751	8	0	0	1.6	586	1	
2	35	2	1	1	P	N	466769	466784	467457	468484	470501	8	0	0	1.6	672		0
2	36	1	1	1	X	K	471519	471534	472192	473216	475234	7	1	1	1.8	658	1	
2	37	2	0	0	N	P	476251	476267	476880	477916	479933	7	1	-1	1.6	613		0
2	38	1	1	0	K	X	480951	480966	481601	482632	484650	8	0	1	1.8	634	1	
2	39	2	1	1	P	N	485667	485683	486192	487215	489233	8	0	0	1.8	509		0
2	40	1	1	0	K	X	490250	490266	490880	491913	493932	8	0	1	2	614	1	
2	41	1	0	1	X	K	494950	494965	495672	496697	498715	7	1	0	2	707	1	
2	42	2	1	0	N	P	499733	499748	500576	501597	503615	7	1	0	2	828		0
2	43	1	1	0	K	X	504632	504648	505488	506513	508531	8	0	1	2.2	840	1	
2	44	2	0	1	P	N	509549	509564	510544	511580	513597	8	0	-1	2	980		0
2	45	2	1	1	P	N	514616	514630	515368	516396	518413	8	0	0	2	738		0
2	46	1	1	0	K	X	519431	519446	520048	521078	523096	8	0	1	2.2	601	1	
2	47	2	1	0	N	P	524114	524129	524752	525779	527796	7	1	0	2.2	622		0
2	48	2	1	1	P	N	528813	528829	529736	530760	532779	7	1	-1	2	907		1
2	49	1	0	1	X	K	533797	533812	534472	535494	537512	7	1	0	2	660	1	
2	50	1	1	0	K	X	538529	538545	539120	540142	542161	8	0	1	2.2	575	1	
2	51	2	1	0	N	P	543179	543194	543832	544860	546878	7	1	0	2.2	637		0
2	52	2	0	1	P	N	547895	547911	548720	549742	551760	8	0	-1	2	809		0
2	53	1	1	1	X	K	552778	552793	553472	554491	556510	7	1	1	2.2	678	1	
2	54	1	1	1	X	K	557529	557543	558104	559126	561143	7	1	1	2.4	561	1	
2	55	2	1	0	N	P	562161	562176	562952	563975	565993	7	1	0	2.4	776		0
2	56	1	1	0	K	X	567010	567026	567744	568775	570792	8	0	1	2.6	718	1	
2	57	1	0	1	X	K	571810	571825	572392	573423	575442	7	1	0	2.6	567	1	
2	58	2	0	0	N	P	576459	576475	577080	578106	580125	7	1	-1	2.4	605		0
2	59	2	1	1	P	N	581142	581158	581848	582872	584891	8	0	0	2.4	690		0
2	60	1	0	0	K	X	585909	585924	586464	587493	589507	8	0	0	2.4	540	1	
3	1	2	1	0	F	I	643639	643652	645096	646117	648135	7	1	0	1	1443		0
3	2	1	1	1	G	E	649154	649168	650256	651284	653302	8	0	0	1	1087	0	
3	3	1	1	0	E	G	654319	654335	655360	656382	658401	8	0	1	1.2	1025	1	
3	4	2	0	1	I	F	659419	659434	660336	661366	663384	7	1	0	1.2	901		1
3	5	2	1	1	I	F	664403	664417	665328	666350	668367	8	0	0	1.2	910		0
3	6	1	1	0	E	G	669385	669400	670040	671065	673083	8	0	1	1.4	640	1	
3	7	1	1	1	G	E	674101	674116	674960	675984	677999	7	1	1	1.6	843	1	
3	8	2	1	0	F	I	679017	679032	679528	680548	682566	8	0	-1	1.4	495		1
3	9	1	0	1	G	E	683583	683599	684384	685414	687432	7	1	0	1.4	785	1	
3	10	2	1	1	I	F	688450	688465	688968	689997	692015	8	0	0	1.4	503		0
3	11	1	1	0	E	G	693032	693048	693688	694713	696731	8	0	1	1.6	640	1	
3	12	2	0	0	F	I	697749	697764	698480	699513	701531	7	1	-1	1.4	715		0
3	13	2	1	1	I	F	702549	702564	703328	704364	706380	7	1	-1	1.2	764		1
3	14	1	0	0	E	G	707398	707413	708024	709045	711063	8	0	0	1.2	610	1	
3	15	1	1	1	G	E	712081	712096	713064	714095	716113	8	0	0	1.2	967	0	
3	16	2	1	0	F	I	717130	717146	718176	719212	721229	7	1	0	1.2	1030		0
3	17	1	0	1	G	E	722247	722262	723145	724177	726195	8	0	1	1.4	882	0	
3	18	2	1	1	I	F	727213	727228	727808	728844	730861	8	0	0	1.4	579		0
3	19	1	1	0	E	G	731879	731895	732728	733760	735778	7	1	0	1.4	833	0	
3	20	2	1	1	I	F	736795	736811	737504	738527	740544	8	0	0	1.4	693		0
3	21	1	1	0	E	G	741562	741577	742232	743260	745277	8	0	1	1.6	654	1	
3	22	2	1	0	F	I	746295	746310	747120	748142	750160	7	1	0	1.6	810		0
3	23	1	0	1	G	E	751177	751193	751840	752875	754893	7	1	0	1.6	647	1	
3	24	1	1	1	G	E	755912	755926	756456	757492	759509	8	0	0	1.6	530	0	
3	25	2	0	0	F	I	760527	760542	760984	762007	764025	7	1	-1	1.4	441		0
3	26	2	1	1	I	F	765043	765058	765880	766908	768925	7	1	-1	1.2	821		1
3	27	1	1	0	E	G	769942	769958	770584	771607	773624	8	0	1	1.4	626	1	
3	28	2	1	0	F	I	774642	774657	775128	776156	778174	8	0	-1	1.2	470		1
3	29	1	1	1	G	E	779192	779207	780040	781072	783090	7	1	1	1.4	832	1	
3	30	2	0	1	I	F	784108	784123	784952	785972	787990	7	1	0	1.4	828		1
3	31	1	1	0	E	G	789007	789023	789608	790639	792656	8	0	1	1.6	584	1	
3	32	1	0	0	E	G	793676	793689	794576	795604	797622	8	0	0	1.6	886	1	
3	33	2	1	1	I	F	798640	798655	799680	800705	802722	8	0	0	1.6	1024		0
3	34	2	0	0	F	I	803739	803755	804864	805888	807905	8	0	0	1.6	1108		1
3	35	1	1	1	G	E	808923	808938	809432	810453	812471	7	1	1	1.8	494	1	
3	36	2	1	1	I	F	813489	813504	814088	815119	817137	8	0	0	1.8	583		0
3	37	1	0	0	E	G	818155	818170	818768	819803	821820	8	0	0	1.8	597	1	
3	38	2	1	0	F	I	822838	822853	823456	824486	826503	7	1	0	1.8	602		0
3	39	1	1	1	G	E	827521	827536	828520	829550	831569	7	1	1	2	983	1	
3	40	2	1	0	F	I	832587	832602	833216	834251	836269	7	1	0	2	613		0
3	41	2	0	1	I	F	837287	837302	837840	838866	840885	8	0	-1	1.8	537		0
3	42	1	1	0	E	G	841903	841918	842520	843549	845568	8	0	1	2	601	1	
3	43	2	1	0	F	I	846586	846601	847848	848882	850901	7	1	0	2	1246		0
3	44	1	0	1	G	E	851919	851934	852448	853484	855501	7	1	0	2	513	1	
3	45	1	1	1	G	E	856520	856534	857032	858065	860084	7	1	1	2.2	498	1	
3	46	2	1	0	F	I	861101	861117	861552	862582	864600	7	1	0	2.2	435		0
3	47	1	1	0	E	G	865617	865633	866096	867133	869149	7	1	0	2.2	462	0	
3	48	1	1	1	G	E	870167	870182	870680	871715	873732	7	1	1	2.4	497	1	
3	49	2	0	1	I	F	874750	874765	875432	876465	878482	8	0	-1	2.2	666		0
3	50	2	1	0	F	I	879499	879515	880088	881114	883132	7	1	0	2.2	572		0
3	51	1	1	0	E	G	884149	884165	884952	885980	887998	8	0	1	2.4	787	1	
3	52	1	0	1	G	E	889016	889031	889600	890629	892647	7	1	0	2.4	569	1	
3	53	2	1	1	I	F	893665	893680	894384	895412	897430	7	1	-1	2.2	703		1
3	54	2	1	1	I	F	898449	898463	899368	900395	902413	8	0	0	2.2	904		0
3	55	1	1	0	E	G	903431	903446	903976	905012	907029	8	0	1	2.4	529	1	
3	56	2	1	0	F	I	908047	908062	909072	910094	912112	7	1	0	2.4	1009		0
3	57	2	0	1	I	F	913130	913145	914344	915378	917395	7	1	0	2.4	1198		1
3	58	1	0	0	E	G	918413	918428	919080	920111	922128	8	0	0	2.4	651	1	
3	59	1	1	1	G	E	923146	923161	923792	924826	926844	7	1	1	2.6	630	1	
3	60	2	0	0	F	I	927862	927877	928600	929626	931644	7	1	-1	2.4	722		0
Total money won 5.8
