Participant p018v2visit number -1
Stimuli number 1
Scanner Trigger at time 168000
run_number	trial_number	trial_type	outcome_type	side_type	left_stim	right_stim	stim_onset	choice_onset	interval_onset	outcome_onset	ITI_onset	button_pressed	side_chosen	trial_outcome	total	reaction_time	win_out	loss_out
1	1	1	1	0	D	A	3	18	1992	3019	5035	7	1	0	1	1973	0	
1	2	2	1	1	H	C	6057	6068	7728	8755	10767	7	1	-1	0.8	1660		1
1	3	2	1	0	C	H	11785	11801	13448	14483	16500	7	1	0	0.8	1647		0
1	4	1	0	1	A	D	17518	17533	19224	20248	22266	8	0	1	1	1690	0	
1	5	1	1	1	A	D	23285	23300	24064	25098	27116	8	0	0	1	764	0	
1	6	2	1	0	C	H	28136	28149	29568	30598	32616	7	1	0	1	1418		0
1	7	2	1	1	H	C	33633	33649	34352	35381	37398	8	0	0	1	703		0
1	8	1	1	0	D	A	38416	38432	39360	40381	42398	7	1	0	1	928	0	
1	9	2	0	1	H	C	43416	43431	44192	45211	47231	8	0	-1	0.8	761		0
1	10	1	1	1	A	D	48249	48264	48944	49980	51997	8	0	0	0.8	679	0	
1	11	2	1	0	C	H	53015	53030	53816	54846	56863	7	1	0	0.8	785		0
1	12	1	0	0	D	A	57881	57897	59120	60149	62163	7	1	1	1	1223	0	
1	13	1	1	1	A	D	63181	63196	65336	66361	68379	8	0	0	1	2139	0	
1	14	2	0	0	C	H	69397	69412	70792	71828	73845	8	0	0	1	1379		1
1	15	2	1	1	H	C	74863	74878	75384	76410	78428	7	1	-1	0.8	505		1
1	16	1	1	0	D	A	79446	79461	80448	81477	83494	7	1	0	0.8	986	0	
1	17	2	0	1	H	C	84512	84528	87448	88476	90494	8	0	-1	0.6	2920		0
1	18	1	1	1	A	D	91512	91527	93264	94292	96310	7	1	1	0.8	1737	1	
1	19	2	1	0	C	H	97328	97343	99728	100760	102776	7	1	0	0.8	2384		0
1	20	1	1	1	A	D	103794	103809	104376	105407	107426	7	1	1	1	566	1	
1	21	2	1	0	C	H	108444	108459	109784	110807	112825	7	1	0	1	1325		0
1	22	1	1	0	D	A	113843	113858	115120	116139	118158	8	0	1	1.2	1261	1	
1	23	2	0	1	H	C	119176	119191	123216	124239	126257	8	0	-1	1	4024		0
1	24	2	1	1	H	C	127277	127290	129560	130589	132607	8	0	0	1	2269		0
1	25	1	0	0	D	A	133624	133640	134320	135356	137373	8	0	0	1	679	1	
1	26	1	1	1	A	D	138391	138406	139176	140204	142223	7	1	1	1.2	769	1	
1	27	2	1	0	C	H	143240	143256	145496	146521	148539	7	1	0	1.2	2240		0
1	28	1	1	0	D	A	149556	149572	151552	152587	154605	8	0	1	1.4	1979	1	
1	29	2	1	1	H	C	155623	155638	157200	158220	160238	8	0	0	1.4	1561		0
1	30	1	0	1	A	D	161255	161271	161976	163003	165021	7	1	0	1.4	705	1	
1	31	2	1	0	C	H	166038	166054	168016	169052	171070	8	0	-1	1.2	1962		1
1	32	2	0	0	C	H	172089	172103	173168	174202	176220	7	1	-1	1	1064		0
1	33	1	1	1	A	D	177237	177253	178040	179067	181086	7	1	1	1.2	787	1	
1	34	1	0	0	D	A	182104	182119	182720	183751	185769	8	0	0	1.2	600	1	
1	35	2	1	1	H	C	186787	186802	187568	188602	190618	8	0	0	1.2	765		0
1	36	1	1	1	A	D	191636	191652	192736	193767	195785	7	1	1	1.4	1084	1	
1	37	2	0	0	C	H	196802	196818	197544	198566	200584	7	1	-1	1.2	726		0
1	38	1	1	0	D	A	201602	201617	202280	203316	205334	8	0	1	1.4	662	1	
1	39	2	1	1	H	C	206352	206367	207192	208216	210233	7	1	-1	1.2	824		1
1	40	1	1	0	D	A	211251	211266	211960	212982	215000	8	0	1	1.4	693	1	
1	41	1	0	1	A	D	216017	216033	216672	217698	219716	7	1	0	1.4	639	1	
1	42	2	1	0	C	H	220734	220749	222320	223348	225365	7	1	0	1.4	1570		0
1	43	1	1	0	D	A	226383	226398	227000	228031	230048	8	0	1	1.6	601	1	
1	44	2	0	1	H	C	231066	231081	236904	237930	239947	8	0	-1	1.4	5822		0
1	45	2	1	1	H	C	240967	240981	241736	242762	244780	8	0	0	1.4	755		0
1	46	1	1	0	D	A	245798	245813	246416	247445	249463	8	0	1	1.6	602	1	
1	47	2	1	0	C	H	250481	250496	254016	255044	257063	7	1	0	1.6	3519		0
1	48	2	1	1	H	C	258080	258096	258800	259828	261846	8	0	0	1.6	704		0
1	49	1	0	1	A	D	262863	262879	263544	264578	266595	7	1	0	1.6	665	1	
1	50	1	1	0	D	A	267613	267628	268224	269244	271261	8	0	1	1.8	595	1	
1	51	2	1	0	C	H	272279	272294	273432	274459	276478	7	1	0	1.8	1137		0
1	52	2	0	1	H	C	277495	277511	278536	279560	281577	8	0	-1	1.6	1024		0
1	53	1	1	1	A	D	282595	282610	283384	284409	286427	7	1	1	1.8	773	1	
1	54	1	1	1	A	D	287446	287460	287936	288959	290976	7	1	1	2	475	1	
1	55	2	1	0	C	H	291994	292009	293920	294941	296959	7	1	0	2	1910		0
1	56	1	1	0	D	A	297977	297992	298720	299742	301759	7	1	0	2	727	0	
1	57	1	0	1	A	D	302776	302792	303640	304674	306692	7	1	0	2	847	1	
1	58	2	0	0	C	H	307709	307725	311112	312139	314158	7	1	-1	1.8	3386		0
1	59	2	1	1	H	C	315176	315191	316616	317639	319657	8	0	0	1.8	1424		0
1	60	1	0	0	D	A	320675	320690	322440	323473	325490	8	0	0	1.8	1749	1	
2	1	1	1	0	X	K	328476	328490	332904	333938	335956	7	1	0	1	4413	0	
2	2	2	1	1	P	N	336975	336989	338632	339653	341672	7	1	-1	0.8	1642		1
2	3	2	1	0	N	P	342690	342705	344784	345803	347821	7	1	0	0.8	2078		0
2	4	1	0	1	K	X	348839	348854	349616	350636	352654	8	0	1	1	761	0	
2	5	1	1	1	K	X	353673	353687	354312	355336	357354	8	0	0	1	624	0	
2	6	2	1	0	N	P	358372	358387	359224	360251	362270	8	0	-1	0.8	836		1
2	7	2	1	1	P	N	363288	363303	364200	365235	367253	8	0	0	0.8	896		0
2	8	1	1	0	X	K	368271	368286	370152	371186	373203	7	1	0	0.8	1865	0	
2	9	2	0	1	P	N	374220	374236	375312	376334	378352	8	0	-1	0.6	1075		0
2	10	1	1	1	K	X	379370	379385	380456	381483	383502	8	0	0	0.6	1070	0	
2	11	2	1	0	N	P	384519	384535	385712	386734	388751	7	1	0	0.6	1176		0
2	12	1	0	0	X	K	389769	389784	391384	392416	394434	7	1	1	0.8	1599	0	
2	13	1	1	1	K	X	395452	395467	396256	397282	399300	8	0	0	0.8	788	0	
2	14	2	0	0	N	P	400318	400333	402456	403482	405500	7	1	-1	0.6	2122		0
2	15	2	1	1	P	N	406518	406533	407160	408182	410199	7	1	-1	0.4	626		1
2	16	1	1	0	X	K	411217	411232	412160	413181	415199	7	1	0	0.4	927	0	
2	17	2	0	1	P	N	416217	416232	418704	419731	421748	7	1	0	0.4	2471		1
2	18	1	1	1	K	X	422766	422781	423568	424597	426615	8	0	0	0.4	786	0	
2	19	2	1	0	N	P	427632	427648	428312	429347	431364	7	1	0	0.4	663		0
2	20	1	1	1	K	X	432382	432397	433191	434213	436230	8	0	0	0.4	794	0	
2	21	2	1	0	N	P	437248	437263	438696	439729	441747	7	1	0	0.4	1432		0
2	22	1	1	0	X	K	442764	442780	443719	444745	446763	8	0	1	0.6	939	1	
2	23	2	0	1	P	N	447780	447796	450119	451144	453162	8	0	-1	0.4	2323		0
2	24	2	1	1	P	N	454182	454195	456432	457461	459478	7	1	-1	0.2	2236		1
2	25	1	0	0	X	K	460496	460511	462448	463476	465494	8	0	0	0.2	1936	1	
2	26	1	1	1	K	X	466512	466528	468320	469343	471361	7	1	1	0.4	1791	1	
2	27	2	1	0	N	P	472378	472394	475567	476592	478610	7	1	0	0.4	3173		0
2	28	1	1	0	X	K	479628	479643	482528	483558	485576	8	0	1	0.6	2884	1	
2	29	2	1	1	P	N	486594	486609	488607	489641	491659	8	0	0	0.6	1998		0
2	30	1	0	1	K	X	492676	492692	493487	494508	496525	7	1	0	0.6	795	1	
2	31	2	1	0	N	P	497543	497558	499640	500674	502691	7	1	0	0.6	2081		0
2	32	2	0	0	N	P	503710	503724	505144	506173	508191	7	1	-1	0.4	1419		0
2	33	1	1	1	K	X	509209	509224	511408	512439	514458	7	1	1	0.6	2183	1	
2	34	1	0	0	X	K	515475	515490	517055	518088	520106	8	0	0	0.6	1565	1	
2	35	2	1	1	P	N	521124	521139	523288	524322	526339	8	0	0	0.6	2148		0
2	36	1	1	1	K	X	527357	527372	528223	529254	531272	7	1	1	0.8	851	1	
2	37	2	0	0	N	P	532290	532305	536023	537053	539071	7	1	-1	0.6	3718		0
2	38	1	1	0	X	K	540089	540104	540911	541937	543954	7	1	0	0.6	806	0	
2	39	2	1	1	P	N	544972	544987	545919	546955	548971	8	0	0	0.6	931		0
2	40	1	1	0	X	K	549989	550004	551023	552052	554070	8	0	1	0.8	1019	1	
2	41	1	0	1	K	X	555088	555103	555735	556769	558786	7	1	0	0.8	632	1	
2	42	2	1	0	N	P	559804	559819	561391	562419	564436	7	1	0	0.8	1571		0
2	43	1	1	0	X	K	565454	565469	566279	567300	569319	8	0	1	1	810	1	
2	44	2	0	1	P	N	570336	570352	571303	572333	574352	8	0	-1	0.8	951		0
2	45	2	1	1	P	N	575371	575385	576319	577351	579368	8	0	0	0.8	934		0
2	46	1	1	0	X	K	580386	580401	581487	582515	584534	8	0	1	1	1086	1	
2	47	2	1	0	N	P	585552	585567	586823	587849	589867	7	1	0	1	1256		0
2	48	2	1	1	P	N	590885	590900	592319	593349	595366	8	0	0	1	1419		0
2	49	1	0	1	K	X	596384	596400	597399	598433	600449	7	1	0	1	999	1	
2	50	1	1	0	X	K	601467	601482	602175	603197	605216	8	0	1	1.2	692	1	
2	51	2	1	0	N	P	606233	606249	609135	610164	612182	7	1	0	1.2	2886		0
2	52	2	0	1	P	N	613199	613215	614351	615379	617398	8	0	-1	1	1136		0
2	53	1	1	1	K	X	618416	618431	619511	620546	622564	7	1	1	1.2	1080	1	
2	54	1	1	1	K	X	623583	623597	624663	625697	627714	7	1	1	1.4	1066	1	
2	55	2	1	0	N	P	628731	628747	630711	631745	633763	7	1	0	1.4	1964		0
2	56	1	1	0	X	K	634781	634796	636079	637112	639129	8	0	1	1.6	1283	1	
2	57	1	0	1	K	X	640147	640162	641815	642844	644862	7	1	0	1.6	1652	1	
2	58	2	0	0	N	P	645880	645895	648023	649043	651062	7	1	-1	1.4	2127		0
2	59	2	1	1	P	N	652080	652095	654039	655060	657078	8	0	0	1.4	1944		0
2	60	1	0	0	X	K	658095	658111	661431	662461	664477	8	0	0	1.4	3320	1	
3	1	2	1	0	F	I	666762	666777	669983	671009	673026	7	1	0	1	3206		0
3	2	1	1	1	E	G	674045	674059	675239	676275	678293	7	1	1	1.2	1179	1	
3	3	1	1	0	G	E	679310	679326	680304	681325	683342	8	0	1	1.4	978	1	
3	4	2	0	1	I	F	684360	684375	685799	686825	688842	7	1	0	1.4	1423		1
3	5	2	1	1	I	F	689861	689875	692391	693425	695441	8	0	0	1.4	2516		0
3	6	1	1	0	G	E	696459	696474	697175	698207	700224	8	0	1	1.6	700	1	
3	7	1	1	1	E	G	701242	701257	702103	703140	705157	7	1	1	1.8	846	1	
3	8	2	1	0	F	I	706175	706190	707727	708758	710773	8	0	-1	1.6	1537		1
3	9	1	0	1	E	G	711791	711806	712447	713472	715489	7	1	0	1.6	640	1	
3	10	2	1	1	I	F	716507	716522	718159	719189	721205	8	0	0	1.6	1636		0
3	11	1	1	0	G	E	722223	722239	722815	723838	725855	8	0	1	1.8	576	1	
3	12	2	0	0	F	I	726873	726888	727831	728853	730871	7	1	-1	1.6	943		0
3	13	2	1	1	I	F	731889	731904	733047	734070	736088	7	1	-1	1.4	1142		1
3	14	1	0	0	G	E	737105	737121	737767	738803	740820	8	0	0	1.4	646	1	
3	15	1	1	1	E	G	741838	741853	742639	743669	745687	7	1	1	1.6	785	1	
3	16	2	1	0	F	I	746705	746720	751399	752435	754453	7	1	0	1.6	4679		0
3	17	1	0	1	E	G	755470	755486	756143	757168	759186	7	1	0	1.6	657	1	
3	18	2	1	1	I	F	760203	760219	760831	761868	763885	8	0	0	1.6	612		0
3	19	1	1	0	G	E	764903	764918	765607	766634	768651	8	0	1	1.8	688	1	
3	20	2	1	1	I	F	769669	769684	770463	771483	773501	8	0	0	1.8	778		0
3	21	1	1	0	G	E	774519	774534	775143	776165	778184	8	0	1	2	609	1	
3	22	2	1	0	F	I	779201	779217	779975	780999	783017	7	1	0	2	758		0
3	23	1	0	1	E	G	784035	784050	784591	785617	787633	7	1	0	2	541	1	
3	24	1	1	1	E	G	788652	788666	789239	790264	792283	7	1	1	2.2	572	1	
3	25	2	0	0	F	I	793301	793316	794615	795646	797665	7	1	-1	2	1299		0
3	26	2	1	1	I	F	798683	798699	799383	800413	802432	8	0	0	2	684		0
3	27	1	1	0	G	E	803449	803465	804015	805046	807065	8	0	1	2.2	550	1	
3	28	2	1	0	F	I	808082	808098	808975	809996	812014	7	1	0	2.2	877		0
3	29	1	1	1	E	G	813032	813047	813687	814712	816730	7	1	1	2.4	639	1	
3	30	2	0	1	I	F	817748	817764	818383	819412	821430	8	0	-1	2.2	619		0
3	31	1	1	0	G	E	822448	822463	823287	824312	826330	8	0	1	2.4	823	1	
3	32	1	0	0	G	E	827349	827363	827999	829028	831046	8	0	0	2.4	636	1	
3	33	2	1	1	I	F	832064	832079	833167	834195	836212	8	0	0	2.4	1087		0
3	34	2	0	0	F	I	837230	837245	837831	838861	840878	7	1	-1	2.2	585		0
3	35	1	1	1	E	G	841896	841911	842671	843694	845711	7	1	1	2.4	759	1	
3	36	2	1	1	I	F	846729	846744	847359	848394	850411	7	1	-1	2.2	614		1
3	37	1	0	0	G	E	851429	851444	852143	853176	855194	8	0	0	2.2	699	1	
3	38	2	1	0	F	I	856212	856227	856639	857659	859677	8	0	-1	2	412		1
3	39	1	1	1	E	G	860695	860710	861447	862474	864493	7	1	1	2.2	737	1	
3	40	2	1	0	F	I	865511	865526	865999	867025	869043	7	1	0	2.2	472		0
3	41	2	0	1	I	F	870060	870076	871015	872040	874059	8	0	-1	2	939		0
3	42	1	1	0	G	E	875077	875092	875735	876757	878775	8	0	1	2.2	642	1	
3	43	2	1	0	F	I	879793	879808	880807	881840	883858	7	1	0	2.2	998		0
3	44	1	0	1	E	G	884876	884891	885399	886424	888441	7	1	0	2.2	507	1	
3	45	1	1	1	E	G	889460	889474	890175	891206	893224	7	1	1	2.4	700	1	
3	46	2	1	0	F	I	894242	894257	895039	896072	898090	7	1	0	2.4	781		0
3	47	1	1	0	G	E	899108	899123	899831	900863	902873	8	0	1	2.6	707	1	
3	48	1	1	1	E	G	903891	903906	904487	905523	907539	7	1	1	2.8	580	1	
3	49	2	0	1	I	F	908557	908572	909223	910254	912272	8	0	-1	2.6	650		0
3	50	2	1	0	F	I	913290	913305	914255	915287	917305	7	1	0	2.6	949		0
3	51	1	1	0	G	E	918323	918338	918879	919904	921921	8	0	1	2.8	540	1	
3	52	1	0	1	E	G	922939	922954	924047	925070	927088	7	1	0	2.8	1092	1	
3	53	2	1	1	I	F	928105	928121	928799	929820	931837	8	0	0	2.8	678		0
3	54	2	1	1	I	F	932856	932870	933439	934469	936487	8	0	0	2.8	568		0
3	55	1	1	0	G	E	937504	937520	938279	939301	941320	8	0	1	3	759	1	
3	56	2	1	0	F	I	942337	942353	943031	944051	946069	7	1	0	3	677		0
3	57	2	0	1	I	F	947087	947102	947639	948667	950685	8	0	-1	2.8	536		0
3	58	1	0	0	G	E	951703	951719	952279	953300	955318	8	0	0	2.8	560	1	
3	59	1	1	1	E	G	956336	956351	956863	957883	959901	7	1	1	3	511	1	
3	60	2	0	0	F	I	960919	960934	961583	962615	964634	7	1	-1	2.8	648		0
Total money won 6
