Participant 18visit number -1
Stimuli number 1
Scanner Trigger at time 6000
run_number	trial_number	trial_type	outcome_type	side_type	left_stim	right_stim	stim_onset	choice_onset	interval_onset	outcome_onset	ITI_onset	button_pressed	side_chosen	trial_outcome	total	reaction_time	win_out	loss_out
1	1	2	1	0	C	H	1	16	4662	5697	7715	7	1	0	1	4645		0
1	2	1	1	1	A	D	8733	8748	11649	12682	14698	8	0	0	1	2900	0	
1	3	1	1	0	D	A	15716	15731	16487	17515	19531	7	1	0	1	755	0	
1	4	2	0	1	H	C	20549	20564	22995	24030	26047	8	0	-1	0.8	2431		0
1	5	2	1	1	H	C	27067	27080	32177	33214	35229	7	1	-1	0.6	5096		1
1	6	1	1	0	D	A	36249	36263	37610	38646	40662	7	1	0	0.6	1347	0	
1	7	1	1	1	A	D	41680	41695	43561	44597	46612	8	0	0	0.6	1865	0	
1	8	2	1	0	C	H	47630	47645	49021	50048	52061	7	1	0	0.6	1376		0
1	9	1	0	1	A	D	53079	53094	53920	54945	56961	8	0	1	0.8	825	0	
1	10	2	1	1	H	C	57979	57994	59413	60444	62460	8	0	0	0.8	1418		0
1	11	1	1	0	D	A	63478	63493	65589	66628	68643	7	1	0	0.8	2095	0	
1	12	2	0	0	C	H	69661	69676	71548	72577	74593	8	0	0	0.8	1871		1
1	13	2	1	1	H	C	75610	75626	76565	77593	79609	7	1	-1	0.6	939		1
1	14	1	0	0	D	A	80627	80642	81591	82626	84642	7	1	1	0.8	948	0	
1	15	1	1	1	A	D	85660	85675	86412	87443	89458	8	0	0	0.8	737	0	
1	16	2	1	0	C	H	90476	90491	91630	92658	94674	7	1	0	0.8	1139		0
1	17	1	0	1	A	D	95692	95707	96574	97608	99624	8	0	1	1	867	0	
1	18	2	1	1	H	C	100642	100657	102896	103924	105940	8	0	0	1	2239		0
1	19	1	1	0	D	A	106958	106973	108332	109357	111373	7	1	0	1	1358	0	
1	20	2	1	1	H	C	112391	112406	113690	114723	116739	8	0	0	1	1284		0
1	21	1	1	0	D	A	117757	117772	118386	119423	121439	7	1	0	1	614	0	
1	22	2	1	0	C	H	122457	122472	123364	124389	126405	7	1	0	1	892		0
1	23	1	0	1	A	D	127423	127438	128035	129071	131088	8	0	1	1.2	597	0	
1	24	1	1	1	A	D	132107	132121	133289	134321	136337	8	0	0	1.2	1167	0	
1	25	2	0	0	C	H	137355	137370	138784	139820	141837	7	1	-1	1	1413		0
1	26	2	1	1	H	C	142855	142870	143509	144537	146553	8	0	0	1	639		0
1	27	1	1	0	D	A	147571	147586	148336	149370	151386	7	1	0	1	749	0	
1	28	2	1	0	C	H	152404	152419	153210	154237	156252	7	1	0	1	790		0
1	29	1	1	1	A	D	157270	157285	158220	159253	161268	8	0	0	1	934	0	
1	30	2	0	1	H	C	162286	162302	163029	164051	166068	8	0	-1	0.8	727		0
1	31	1	1	0	D	A	167086	167101	170107	171135	173151	7	1	0	0.8	3005	0	
1	32	1	0	0	D	A	174170	174184	175158	176184	178200	7	1	1	1	974	0	
1	33	2	1	1	H	C	179218	179233	180888	181917	183933	8	0	0	1	1655		0
1	34	2	0	0	C	H	184951	184966	187482	188516	190533	7	1	-1	0.8	2515		0
1	35	1	1	1	A	D	191550	191566	192733	193767	195782	8	0	0	0.8	1167	0	
1	36	2	1	1	H	C	196800	196815	198131	199166	201182	8	0	0	0.8	1315		0
1	37	1	0	0	D	A	202200	202215	203391	204414	206431	7	1	1	1	1175	0	
1	38	2	1	0	C	H	207449	207464	208654	209681	211697	7	1	0	1	1189		0
1	39	1	1	1	A	D	212715	212730	215154	216181	218197	8	0	0	1	2423	0	
1	40	2	1	0	C	H	219215	219230	220212	221248	223263	7	1	0	1	981		0
1	41	2	0	1	H	C	224281	224296	225318	226347	228363	8	0	-1	0.8	1021		0
1	42	1	1	0	D	A	229380	229395	231191	232212	234229	8	0	1	1	1795	1	
1	43	2	1	0	C	H	235247	235262	236291	237329	239345	7	1	0	1	1029		0
1	44	1	0	1	A	D	240363	240378	241599	242629	244645	7	1	0	1	1220	1	
1	45	1	1	1	A	D	245664	245678	246624	247662	249677	7	1	1	1.2	946	1	
1	46	2	1	0	C	H	250695	250710	252006	253044	255060	7	1	0	1.2	1295		0
1	47	1	1	0	D	A	256078	256093	256890	257928	259943	8	0	1	1.4	796	1	
1	48	1	1	1	A	D	260961	260976	261706	262744	264759	7	1	1	1.6	729	1	
1	49	2	0	1	H	C	265777	265792	266658	267693	269709	8	0	-1	1.4	865		0
1	50	2	1	0	C	H	270727	270742	271327	272360	274375	7	1	0	1.4	584		0
1	51	1	1	0	D	A	275393	275408	276385	277409	279425	8	0	1	1.6	976	1	
1	52	1	0	1	A	D	280443	280458	281024	282059	284074	7	1	0	1.6	566	1	
1	53	2	1	1	H	C	285092	285107	286217	287242	289257	8	0	0	1.6	1109		0
1	54	2	1	1	H	C	290277	290290	291172	292208	294224	8	0	0	1.6	881		0
1	55	1	1	0	D	A	295241	295257	297481	298507	300523	8	0	1	1.8	2224	1	
1	56	2	1	0	C	H	301541	301556	302233	303257	305273	7	1	0	1.8	676		0
1	57	2	0	1	H	C	306291	306306	307646	308673	310689	8	0	-1	1.6	1340		0
1	58	1	0	0	D	A	311707	311722	312967	313989	316005	8	0	0	1.6	1245	1	
1	59	1	1	1	A	D	317023	317038	317797	318822	320838	7	1	1	1.8	758	1	
1	60	2	0	0	C	H	321856	321871	322655	323688	325704	7	1	-1	1.6	783		0
2	1	1	1	0	X	K	329207	329220	334037	335070	337086	7	1	0	1	4816	0	
2	2	2	1	1	P	N	338105	338120	341835	342869	344886	7	1	-1	0.8	3715		1
2	3	2	1	0	N	P	345904	345919	349074	350103	352118	8	0	-1	0.6	3154		1
2	4	1	0	1	K	X	353136	353152	354178	355202	357218	8	0	1	0.8	1026	0	
2	5	1	1	1	K	X	358237	358251	359196	360218	362234	8	0	0	0.8	945	0	
2	6	2	1	0	N	P	363252	363267	364273	365302	367317	7	1	0	0.8	1005		0
2	7	2	1	1	P	N	368335	368350	369871	370901	372917	8	0	0	0.8	1521		0
2	8	1	1	0	X	K	373934	373950	374696	375735	377750	7	1	0	0.8	746	0	
2	9	2	0	1	P	N	378767	378783	379647	380683	382699	8	0	-1	0.6	864		0
2	10	1	1	1	K	X	383717	383732	384406	385433	387449	8	0	0	0.6	673	0	
2	11	2	1	0	N	P	388467	388482	389699	390733	392748	7	1	0	0.6	1217		0
2	12	1	0	0	X	K	393766	393781	394526	395549	397565	7	1	1	0.8	744	0	
2	13	1	1	1	K	X	398582	398598	399334	400365	402381	8	0	0	0.8	736	0	
2	14	2	0	0	N	P	403399	403414	404395	405431	407447	7	1	-1	0.6	980		0
2	15	2	1	1	P	N	408465	408480	426571	427596	429612	8	0	0	0.6	18091		0
2	16	1	1	0	X	K	430630	430645	436015	437046	439061	7	1	0	0.6	5370	0	
2	17	2	0	1	P	N	440079	440094	440696	441728	443744	8	0	-1	0.4	602		0
2	18	1	1	1	K	X	444762	444777	445492	446527	448543	8	0	0	0.4	714	0	
2	19	2	1	0	N	P	449561	449576	450336	451361	453376	7	1	0	0.4	759		0
2	20	1	1	1	K	X	454394	454409	454990	456030	458043	8	0	0	0.4	580	0	
2	21	2	1	0	N	P	459060	459076	459915	460943	462959	7	1	0	0.4	839		0
2	22	1	1	0	X	K	463977	463992	464839	465876	467892	7	1	0	0.4	847	0	
2	23	2	0	1	P	N	468910	468925	469701	470725	472741	8	0	-1	0.2	776		0
2	24	2	1	1	P	N	473761	473774	474400	475425	477441	8	0	0	0.2	626		0
2	25	1	0	0	X	K	478459	478474	479126	480158	482174	7	1	1	0.4	652	0	
2	26	1	1	1	K	X	483192	483207	484582	485608	487623	8	0	0	0.4	1374	0	
2	27	2	1	0	N	P	488641	488656	490716	491740	493756	8	0	-1	0.2	2059		1
2	28	1	1	0	X	K	494774	494789	495534	496556	498572	7	1	0	0.2	744	0	
2	29	2	1	1	P	N	499590	499605	500184	501207	503222	8	0	0	0.2	578		0
2	30	1	0	1	K	X	504240	504255	504831	505856	507872	8	0	1	0.4	575	0	
2	31	2	1	0	N	P	508890	508905	509616	510638	512654	7	1	0	0.4	711		0
2	32	2	0	0	N	P	513674	513688	514376	515404	517421	7	1	-1	0.2	688		0
2	33	1	1	1	K	X	518439	518454	519222	520254	522270	8	0	0	0.2	768	0	
2	34	1	0	0	X	K	523288	523303	524043	525070	527087	7	1	1	0.4	739	0	
2	35	2	1	1	P	N	528105	528120	532797	533823	535836	7	1	-1	0.2	4677		1
2	36	1	1	1	K	X	536854	536869	537443	538469	540485	8	0	0	0.2	573	0	
2	37	2	0	0	N	P	541503	541518	542192	543222	545235	7	1	-1	5.55111512312578e-17	673		0
2	38	1	1	0	X	K	546253	546268	547522	548552	550568	7	1	0	5.55111512312578e-17	1253	0	
2	39	2	1	1	P	N	551586	551601	552444	553469	555484	8	0	0	5.55111512312578e-17	843		0
2	40	1	1	0	X	K	556502	556517	557318	558352	560367	7	1	0	5.55111512312578e-17	800	0	
2	41	1	0	1	K	X	561385	561400	562110	563133	565150	8	0	1	0.2	709	0	
2	42	2	1	0	N	P	566168	566183	566975	568000	570016	7	1	0	0.2	792		0
2	43	1	1	0	X	K	571034	571049	571773	572800	574816	7	1	0	0.2	723	0	
2	44	2	0	1	P	N	575834	575849	576512	577548	579565	8	0	-1	5.55111512312578e-17	662		0
2	45	2	1	1	P	N	580585	580598	581108	582133	584148	8	0	0	5.55111512312578e-17	509		0
2	46	1	1	0	X	K	585166	585181	588425	589449	591464	7	1	0	5.55111512312578e-17	3243	0	
2	47	2	1	0	N	P	592482	592497	593071	594099	596114	7	1	0	5.55111512312578e-17	573		0
2	48	2	1	1	P	N	597132	597147	597800	598832	600847	8	0	0	5.55111512312578e-17	653		0
2	49	1	0	1	K	X	601865	601880	602526	603563	605580	8	0	1	0.2	645	0	
2	50	1	1	0	X	K	606598	606613	607190	608214	610229	7	1	0	0.2	576	0	
2	51	2	1	0	N	P	611248	611262	612246	613280	615296	7	1	0	0.2	983		0
2	52	2	0	1	P	N	616313	616329	617092	618128	620145	8	0	-1	5.55111512312578e-17	763		0
2	53	1	1	1	K	X	621163	621178	622063	623096	625111	8	0	0	5.55111512312578e-17	884	0	
2	54	1	1	1	K	X	626131	626144	626850	627879	629894	8	0	0	5.55111512312578e-17	705	0	
2	55	2	1	0	N	P	630912	630927	632162	633195	635210	7	1	0	5.55111512312578e-17	1234		0
2	56	1	1	0	X	K	636228	636244	637108	638145	640160	7	1	0	5.55111512312578e-17	864	0	
2	57	1	0	1	K	X	641178	641193	642360	643393	645410	8	0	1	0.2	1166	0	
2	58	2	0	0	N	P	646427	646443	650128	651159	653176	7	1	-1	5.55111512312578e-17	3685		0
2	59	2	1	1	P	N	654193	654209	655133	656159	658175	8	0	0	5.55111512312578e-17	924		0
2	60	1	0	0	X	K	659193	659208	660074	661108	663125	7	1	1	0.2	865	0	
3	1	2	1	0	F	I	665878	665891	668936	669958	671974	8	0	-1	0.8	3045		1
3	2	1	1	1	E	G	672993	673007	676019	677041	679057	8	0	0	0.8	3011	0	
3	3	1	1	0	G	E	680075	680090	681054	682091	684106	7	1	0	0.8	964	0	
3	4	2	0	1	I	F	685124	685139	685690	686723	688739	8	0	-1	0.6	550		0
3	5	2	1	1	I	F	689758	689772	690499	691523	693539	7	1	-1	0.4	726		1
3	6	1	1	0	G	E	694557	694572	695811	696839	698855	7	1	0	0.4	1239	0	
3	7	1	1	1	E	G	699872	699888	700995	702023	704038	8	0	0	0.4	1106	0	
3	8	2	1	0	F	I	705056	705071	706682	707704	709721	8	0	-1	0.2	1611		1
3	9	1	0	1	E	G	710738	710754	711814	712838	714854	8	0	1	0.4	1060	0	
3	10	2	1	1	I	F	715871	715887	718029	719054	721070	8	0	0	0.4	2142		0
3	11	1	1	0	G	E	722088	722103	722885	723920	725936	7	1	0	0.4	782	0	
3	12	2	0	0	F	I	726954	726969	727471	728502	730519	7	1	-1	0.2	502		0
3	13	2	1	1	I	F	731537	731552	732000	733039	735052	8	0	0	0.2	448		0
3	14	1	0	0	G	E	736070	736085	736946	737969	739985	7	1	1	0.4	860	0	
3	15	1	1	1	E	G	741003	741018	742016	743051	745068	8	0	0	0.4	997	0	
3	16	2	1	0	F	I	746085	746101	748447	749485	751500	7	1	0	0.4	2345		0
3	17	1	0	1	E	G	752518	752533	753548	754586	756600	8	0	1	0.6	1014	0	
3	18	2	1	1	I	F	757618	757633	758443	759467	761483	8	0	0	0.6	809		0
3	19	1	1	0	G	E	762501	762516	763138	764167	766182	7	1	0	0.6	622	0	
3	20	2	1	1	I	F	767200	767215	767784	768816	770832	8	0	0	0.6	568		0
3	21	1	1	0	G	E	771850	771865	772501	773533	775548	7	1	0	0.6	635	0	
3	22	2	1	0	F	I	776566	776581	777097	778132	780148	7	1	0	0.6	515		0
3	23	1	0	1	E	G	781166	781181	781732	782765	784781	8	0	1	0.8	550	0	
3	24	1	1	1	E	G	785800	785814	786620	787648	789664	8	0	0	0.8	806	0	
3	25	2	0	0	F	I	790681	790697	791310	792347	794363	7	1	-1	0.6	613		0
3	26	2	1	1	I	F	795381	795396	795798	796830	798846	8	0	0	0.6	401		0
3	27	1	1	0	G	E	799864	799879	800416	801447	803462	7	1	0	0.6	536	0	
3	28	2	1	0	F	I	804480	804495	805721	806746	808762	7	1	0	0.6	1225		0
3	29	1	1	1	E	G	809780	809795	810541	811580	813595	8	0	0	0.6	746	0	
3	30	2	0	1	I	F	814613	814628	815465	816496	818511	7	1	0	0.6	836		1
3	31	1	1	0	G	E	819529	819544	820657	821695	823711	7	1	0	0.6	1113	0	
3	32	1	0	0	G	E	824730	824744	825399	826428	828444	7	1	1	0.8	655	0	
3	33	2	1	1	I	F	829461	829477	830324	831360	833376	8	0	0	0.8	847		0
3	34	2	0	0	F	I	834395	834410	834989	836027	838043	7	1	-1	0.6	579		0
3	35	1	1	1	E	G	839061	839076	839833	840859	842876	8	0	0	0.6	757	0	
3	36	2	1	1	I	F	843893	843909	844375	845410	847425	8	0	0	0.6	465		0
3	37	1	0	0	G	E	848443	848458	849167	850192	852208	7	1	1	0.8	708	0	
3	38	2	1	0	F	I	853226	853241	855719	856741	858758	8	0	-1	0.6	2477		1
3	39	1	1	1	E	G	859776	859791	860347	861374	863391	8	0	0	0.6	555	0	
3	40	2	1	0	F	I	864408	864424	866117	867142	869157	7	1	0	0.6	1693		0
3	41	2	0	1	I	F	870175	870190	871066	872090	874106	8	0	-1	0.4	876		0
3	42	1	1	0	G	E	875124	875139	876053	877090	879106	7	1	0	0.4	913	0	
3	43	2	1	0	F	I	880124	880139	882985	884023	886039	7	1	0	0.4	2845		0
3	44	1	0	1	E	G	887056	887072	887607	888639	890655	8	0	1	0.6	535	0	
3	45	1	1	1	E	G	891674	891688	892315	893338	895354	8	0	0	0.6	626	0	
3	46	2	1	0	F	I	896372	896387	897185	898222	900237	7	1	0	0.6	797		0
3	47	1	1	0	G	E	901255	901270	901872	902905	904920	7	1	0	0.6	602	0	
3	48	1	1	1	E	G	905938	905953	906466	907504	909520	8	0	0	0.6	512	0	
3	49	2	0	1	I	F	910538	910553	911700	912737	914753	8	0	-1	0.4	1147		0
3	50	2	1	0	F	I	915771	915786	916456	917486	919502	7	1	0	0.4	669		0
3	51	1	1	0	G	E	920520	920535	921183	922220	924235	7	1	0	0.4	647	0	
3	52	1	0	1	E	G	925253	925268	925798	926836	928852	8	0	1	0.6	529	0	
3	53	2	1	1	I	F	929869	929885	936297	937335	939351	8	0	0	0.6	6412		0
3	54	2	1	1	I	F	940370	940384	941024	942051	944067	8	0	0	0.6	640		0
3	55	1	1	0	G	E	945085	945100	945729	946751	948766	7	1	0	0.6	628	0	
3	56	2	1	0	F	I	949784	949799	953387	954417	956432	7	1	0	0.6	3587		0
3	57	2	0	1	I	F	957450	957465	958128	959166	961182	8	0	-1	0.4	662		0
3	58	1	0	0	G	E	962200	962215	963258	964282	966298	7	1	1	0.6	1042	0	
3	59	1	1	1	E	G	967316	967331	968825	969848	971864	8	0	0	0.6	1493	0	
3	60	2	0	0	F	I	972882	972897	975150	976181	978197	7	1	-1	0.4	2252		0
Total money won 2.2
