Participant p025v2visit number -1
Stimuli number 1
Scanner Trigger at time 12000
run_number	trial_number	trial_type	outcome_type	side_type	left_stim	right_stim	stim_onset	choice_onset	interval_onset	outcome_onset	ITI_onset	button_pressed	side_chosen	trial_outcome	total	reaction_time	win_out	loss_out
1	1	1	1	0	D	A	3	15	1250	2278	4298	8	0	1	1.2	1234	1	
1	2	2	1	1	H	C	5319	5331	6647	7684	9698	8	0	0	1.2	1315		0
1	3	2	1	0	C	H	10716	10731	12820	13847	15864	7	1	0	1.2	2088		0
1	4	1	0	1	A	D	16882	16897	17590	18613	20630	7	1	0	1.2	693	1	
1	5	1	1	1	A	D	21649	21663	22509	23529	25546	7	1	1	1.4	845	1	
1	6	2	1	0	C	H	26566	26580	27512	28549	30563	8	0	-1	1.2	932		1
1	7	2	1	1	H	C	31580	31596	32561	33594	35612	8	0	0	1.2	965		0
1	8	1	1	0	D	A	36630	36645	37185	38211	40229	8	0	1	1.4	539	1	
1	9	2	0	1	H	C	41246	41262	42290	43310	45328	8	0	-1	1.2	1027		0
1	10	1	1	1	A	D	46346	46361	47001	48026	50044	7	1	1	1.4	639	1	
1	11	2	1	0	C	H	51062	51077	52291	53326	55344	7	1	0	1.4	1213		0
1	12	1	0	0	D	A	56362	56377	56987	58010	60027	8	0	0	1.4	609	1	
1	13	1	1	1	A	D	61045	61060	61799	62825	64843	7	1	1	1.6	739	1	
1	14	2	0	0	C	H	65861	65876	66761	67791	69809	7	1	-1	1.4	884		0
1	15	2	1	1	H	C	70827	70842	71474	72508	74526	8	0	0	1.4	631		0
1	16	1	1	0	D	A	75543	75559	76198	77224	79242	8	0	1	1.6	639	1	
1	17	2	0	1	H	C	80260	80275	81323	82357	84375	8	0	-1	1.4	1048		0
1	18	1	1	1	A	D	85392	85408	85859	86891	88908	7	1	1	1.6	451	1	
1	19	2	1	0	C	H	89925	89941	90901	91922	93941	7	1	0	1.6	959		0
1	20	1	1	1	A	D	94958	94974	95429	96456	98474	7	1	1	1.8	455	1	
1	21	2	1	0	C	H	99492	99507	100919	101956	103973	7	1	0	1.8	1412		0
1	22	1	1	0	D	A	104991	105006	105563	106587	108606	8	0	1	2	557	1	
1	23	2	0	1	H	C	109624	109639	110878	111903	113922	8	0	-1	1.8	1238		0
1	24	2	1	1	H	C	114942	114955	116160	117187	119205	7	1	-1	1.6	1204		1
1	25	1	0	0	D	A	120223	120238	120722	121754	123771	8	0	0	1.6	483	1	
1	26	1	1	1	A	D	124789	124804	125297	126320	128338	7	1	1	1.8	492	1	
1	27	2	1	0	C	H	129355	129371	130577	131603	133621	8	0	-1	1.6	1206		1
1	28	1	1	0	D	A	134638	134654	135139	136169	138187	8	0	1	1.8	485	1	
1	29	2	1	1	H	C	139204	139220	140846	141868	143886	8	0	0	1.8	1625		0
1	30	1	0	1	A	D	144904	144919	145964	146985	149003	7	1	0	1.8	1044	1	
1	31	2	1	0	C	H	150020	150036	152029	153052	155069	7	1	0	1.8	1993		0
1	32	2	0	0	C	H	156088	156102	156746	157767	159785	7	1	-1	1.6	644		0
1	33	1	1	1	A	D	160803	160818	161249	162283	164301	7	1	1	1.8	431	1	
1	34	1	0	0	D	A	165319	165334	165961	166983	169001	8	0	0	1.8	626	1	
1	35	2	1	1	H	C	170018	170034	171096	172133	174150	8	0	0	1.8	1062		0
1	36	1	1	1	A	D	175168	175183	175847	176881	178900	7	1	1	2	663	1	
1	37	2	0	0	C	H	179918	179933	181791	182814	184833	7	1	-1	1.8	1857		0
1	38	1	1	0	D	A	185850	185866	186440	187464	189482	8	0	1	2	573	1	
1	39	2	1	1	H	C	190500	190515	192340	193364	195382	8	0	0	2	1824		0
1	40	1	1	0	D	A	196400	196415	196879	197913	199931	8	0	1	2.2	463	1	
1	41	1	0	1	A	D	200949	200965	201458	202479	204498	7	1	0	2.2	493	1	
1	42	2	1	0	C	H	205515	205531	207798	208831	210847	7	1	0	2.2	2267		0
1	43	1	1	0	D	A	211865	211880	212530	213564	215580	8	0	1	2.4	649	1	
1	44	2	0	1	H	C	216598	216613	217821	218845	220863	7	1	0	2.4	1207		1
1	45	2	1	1	H	C	221882	221896	222874	223894	225913	7	1	-1	2.2	978		1
1	46	1	1	0	D	A	226930	226946	227438	228461	230479	8	0	1	2.4	492	1	
1	47	2	1	0	C	H	231496	231512	232800	233827	235845	7	1	0	2.4	1288		0
1	48	2	1	1	H	C	236863	236878	239138	240160	242178	7	1	-1	2.2	2259		1
1	49	1	0	1	A	D	243195	243211	243753	244776	246794	7	1	0	2.2	541	1	
1	50	1	1	0	D	A	247812	247827	248480	249509	251527	8	0	1	2.4	652	1	
1	51	2	1	0	C	H	252545	252560	253779	254809	256827	8	0	-1	2.2	1218		1
1	52	2	0	1	H	C	257844	257860	260179	261208	263226	8	0	-1	2	2318		0
1	53	1	1	1	A	D	264244	264259	264744	265779	267792	7	1	1	2.2	484	1	
1	54	1	1	1	A	D	268811	268825	269410	270441	272459	7	1	1	2.4	584	1	
1	55	2	1	0	C	H	273476	273492	275590	276624	278641	7	1	0	2.4	2098		0
1	56	1	1	0	D	A	279659	279674	280317	281340	283358	8	0	1	2.6	642	1	
1	57	1	0	1	A	D	284375	284391	285112	286139	288157	7	1	0	2.6	721	1	
1	58	2	0	0	C	H	289175	289190	290098	291122	293140	7	1	-1	2.4	907		0
1	59	2	1	1	H	C	294158	294173	296032	297055	299073	8	0	0	2.4	1858		0
1	60	1	0	0	D	A	300091	300106	300827	301855	303872	8	0	0	2.4	721	1	
2	1	2	1	0	N	P	308857	308872	310289	311320	313338	8	0	-1	0.8	1417		1
2	2	1	1	1	K	X	314375	314388	315965	316985	319005	7	1	1	1	1576	1	
2	3	1	1	0	X	K	320022	320038	321851	322886	324904	7	1	0	1	1813	0	
2	4	2	0	1	P	N	325922	325937	326575	327601	329620	8	0	-1	0.8	637		0
2	5	2	1	1	P	N	330640	330653	332416	333452	335470	7	1	-1	0.6	1762		1
2	6	1	1	0	X	K	336488	336503	337883	338918	340936	7	1	0	0.6	1380	0	
2	7	1	1	1	K	X	341953	341969	343002	344035	346052	8	0	0	0.6	1033	0	
2	8	2	1	0	N	P	347070	347085	349081	350118	352135	7	1	0	0.6	1996		0
2	9	1	0	1	K	X	353153	353168	354278	355300	357318	8	0	1	0.8	1109	0	
2	10	2	1	1	P	N	358336	358351	360221	361249	363267	8	0	0	0.8	1870		0
2	11	1	1	0	X	K	364285	364300	365080	366116	368134	7	1	0	0.8	779	0	
2	12	2	0	0	N	P	369151	369167	370061	371082	373100	7	1	-1	0.6	893		0
2	13	2	1	1	P	N	374117	374133	375033	376065	378083	8	0	0	0.6	899		0
2	14	1	0	0	X	K	379100	379116	380028	381064	383082	7	1	1	0.8	912	0	
2	15	1	1	1	K	X	384100	384115	385437	386464	388482	8	0	0	0.8	1321	0	
2	16	2	1	0	N	P	389500	389515	390743	391764	393781	7	1	0	0.8	1228		0
2	17	1	0	1	K	X	394799	394814	395451	396479	398498	8	0	1	1	636	0	
2	18	2	1	1	P	N	399515	399531	400359	401380	403397	8	0	0	1	828		0
2	19	1	1	0	X	K	404415	404430	405054	406079	408097	7	1	0	1	623	0	
2	20	2	1	1	P	N	409115	409130	409894	410929	412946	8	0	0	1	764		0
2	21	1	1	0	X	K	413964	413979	415260	416295	418313	7	1	0	1	1280	0	
2	22	2	1	0	N	P	419330	419346	420616	421643	423662	8	0	-1	0.8	1269		1
2	23	1	0	1	K	X	424680	424695	425473	426493	428512	8	0	1	1	778	0	
2	24	1	1	1	K	X	429531	429545	430237	431260	433278	8	0	0	1	692	0	
2	25	2	0	0	N	P	434296	434311	434932	435958	437978	7	1	-1	0.8	621		0
2	26	2	1	1	P	N	438996	439011	439618	440643	442661	8	0	0	0.8	606		0
2	27	1	1	0	X	K	443678	443694	444279	445310	447327	7	1	0	0.8	585	0	
2	28	2	1	0	N	P	448345	448360	449231	450259	452276	7	1	0	0.8	870		0
2	29	1	1	1	K	X	453294	453309	453930	454959	456976	8	0	0	0.8	620	0	
2	30	2	0	1	P	N	457994	458009	459748	460775	462792	7	1	0	0.8	1738		1
2	31	1	1	0	X	K	463810	463825	465611	466641	468658	7	1	0	0.8	1785	0	
2	32	1	0	0	X	K	469678	469691	470931	471956	473974	7	1	1	1	1239	0	
2	33	2	1	1	P	N	474992	475008	475778	476805	478824	7	1	-1	0.8	770		1
2	34	2	0	0	N	P	479841	479857	480621	481656	483674	7	1	-1	0.6	763		0
2	35	1	1	1	K	X	484691	484707	485241	486273	488290	8	0	0	0.6	533	0	
2	36	2	1	1	P	N	489308	489323	489947	490972	492990	8	0	0	0.6	624		0
2	37	1	0	0	X	K	494007	494023	494730	495755	497772	7	1	1	0.8	707	0	
2	38	2	1	0	N	P	498790	498805	499820	500854	502872	7	1	0	0.8	1014		0
2	39	1	1	1	K	X	503890	503905	504995	506020	508038	7	1	1	1	1089	1	
2	40	2	1	0	N	P	509056	509071	509945	510970	512988	7	1	0	1	873		0
2	41	2	0	1	P	N	514006	514021	514531	515551	517571	8	0	-1	0.8	510		0
2	42	1	1	0	X	K	518588	518604	518979	520003	522020	7	1	0	0.8	375	0	
2	43	2	1	0	N	P	523038	523053	523721	524753	526770	7	1	0	0.8	667		0
2	44	1	0	1	K	X	527788	527803	528803	529834	531853	8	0	1	1	1000	0	
2	45	1	1	1	K	X	532872	532886	533263	534284	536302	8	0	0	1	376	0	
2	46	2	1	0	N	P	537320	537335	538390	539418	541435	7	1	0	1	1054		0
2	47	1	1	0	X	K	542453	542468	543138	544168	546185	7	1	0	1	669	0	
2	48	1	1	1	K	X	547203	547218	547894	548917	550935	8	0	0	1	675	0	
2	49	2	0	1	P	N	551952	551968	552644	553667	555684	7	1	0	1	676		1
2	50	2	1	0	N	P	556702	556717	557285	558314	560334	8	0	-1	0.8	567		1
2	51	1	1	0	X	K	561351	561367	562266	563298	565317	8	0	1	1	898	1	
2	52	1	0	1	K	X	566334	566350	566913	567948	569966	7	1	0	1	563	1	
2	53	2	1	1	P	N	570984	570999	571613	572649	574666	8	0	0	1	613		0
2	54	2	1	1	P	N	575685	575699	576787	577815	579832	8	0	0	1	1087		0
2	55	1	1	0	X	K	580850	580865	581618	582646	584665	8	0	1	1.2	753	1	
2	56	2	1	0	N	P	585683	585698	586833	587862	589881	8	0	-1	1	1134		1
2	57	2	0	1	P	N	590899	590914	591407	592429	594447	8	0	-1	0.8	493		0
2	58	1	0	0	X	K	595465	595480	596009	597029	599047	8	0	0	0.8	528	1	
2	59	1	1	1	K	X	600065	600080	600704	601728	603747	7	1	1	1	624	1	
2	60	2	0	0	N	P	604764	604780	605427	606461	608480	8	0	0	1	646		1
3	1	1	1	0	G	E	620482	620495	622449	623476	625495	8	0	1	1.2	1953	1	
3	2	2	1	1	I	F	626513	626528	627549	628575	630594	7	1	-1	1	1020		1
3	3	2	1	0	F	I	631612	631627	633389	634409	636427	7	1	0	1	1761		0
3	4	1	0	1	E	G	637445	637460	638509	639543	641560	7	1	0	1	1048	1	
3	5	1	1	1	E	G	642579	642593	643420	644443	646460	7	1	1	1.2	826	1	
3	6	2	1	0	F	I	647477	647493	648067	649091	651109	7	1	0	1.2	574		0
3	7	2	1	1	I	F	652127	652142	652693	653725	655742	8	0	0	1.2	550		0
3	8	1	1	0	G	E	656760	656775	657665	658690	660708	8	0	1	1.4	889	1	
3	9	2	0	1	I	F	661726	661741	662183	663207	665225	8	0	-1	1.2	441		0
3	10	1	1	1	E	G	666242	666258	666958	667990	670008	7	1	1	1.4	700	1	
3	11	2	1	0	F	I	671025	671041	671464	672490	674507	8	0	-1	1.2	423		1
3	12	1	0	0	G	E	675525	675540	676196	677222	679240	8	0	0	1.2	655	1	
3	13	1	1	1	E	G	680258	680273	681049	682072	684090	7	1	1	1.4	775	1	
3	14	2	0	0	F	I	685107	685123	686275	687305	689323	8	0	0	1.4	1152		1
3	15	2	1	1	I	F	690340	690356	691809	692838	694855	8	0	0	1.4	1452		0
3	16	1	1	0	G	E	695873	695888	696428	697454	699472	8	0	1	1.6	539	1	
3	17	2	0	1	I	F	700489	700505	701167	702203	704221	8	0	-1	1.4	662		0
3	18	1	1	1	E	G	705239	705254	705886	706920	708938	7	1	1	1.6	631	1	
3	19	2	1	0	F	I	709955	709971	710684	711719	713737	7	1	0	1.6	712		0
3	20	1	1	1	E	G	714755	714770	715651	716686	718703	7	1	1	1.8	880	1	
3	21	2	1	0	F	I	719721	719736	720654	721685	723703	8	0	-1	1.6	917		1
3	22	1	1	0	G	E	724721	724736	725139	726168	728186	8	0	1	1.8	403	1	
3	23	2	0	1	I	F	729204	729219	730480	731501	733519	8	0	-1	1.6	1261		0
3	24	2	1	1	I	F	734538	734552	735595	736617	738635	7	1	-1	1.4	1042		1
3	25	1	0	0	G	E	739653	739668	740345	741366	743385	8	0	0	1.4	676	1	
3	26	1	1	1	E	G	744402	744418	745339	746366	748384	7	1	1	1.6	920	1	
3	27	2	1	0	F	I	749402	749417	750941	751966	753984	8	0	-1	1.4	1524		1
3	28	1	1	0	G	E	755001	755017	755942	756966	758983	8	0	1	1.6	924	1	
3	29	2	1	1	I	F	760001	760016	761908	762931	764949	8	0	0	1.6	1891		0
3	30	1	0	1	E	G	765967	765982	766712	767748	769766	7	1	0	1.6	729	1	
3	31	2	1	0	F	I	770783	770799	771838	772865	774882	7	1	0	1.6	1039		0
3	32	2	0	0	F	I	775901	775915	776654	777680	779698	7	1	-1	1.4	739		0
3	33	1	1	1	E	G	780716	780731	781320	782346	784364	7	1	1	1.6	588	1	
3	34	1	0	0	G	E	785382	785397	786036	787063	789081	8	0	0	1.6	638	1	
3	35	2	1	1	I	F	790098	790114	791397	792429	794447	8	0	0	1.6	1283		0
3	36	1	1	1	E	G	795465	795480	796113	797145	799163	7	1	1	1.8	633	1	
3	37	2	0	0	F	I	800181	800196	802037	803061	805079	7	1	-1	1.6	1840		0
3	38	1	1	0	G	E	806097	806112	807101	808128	810145	8	0	1	1.8	988	1	
3	39	2	1	1	I	F	811163	811179	812748	813777	815795	8	0	0	1.8	1569		0
3	40	1	1	0	G	E	816813	816828	817284	818309	820328	8	0	1	2	455	1	
3	41	1	0	1	E	G	821346	821361	821975	823010	825028	7	1	0	2	613	1	
3	42	2	1	0	F	I	826045	826061	826875	827910	829927	7	1	0	2	814		0
3	43	1	1	0	G	E	830945	830960	831343	832374	834393	8	0	1	2.2	382	1	
3	44	2	0	1	I	F	835411	835426	836082	837107	839126	8	0	-1	2	655		0
3	45	2	1	1	I	F	840146	840159	840986	842008	844026	8	0	0	2	826		0
3	46	1	1	0	G	E	845044	845059	845647	846673	848692	8	0	1	2.2	588	1	
3	47	2	1	0	F	I	849710	849725	850491	851524	853542	7	1	0	2.2	765		0
3	48	2	1	1	I	F	854559	854575	855143	856174	858191	8	0	0	2.2	567		0
3	49	1	0	1	E	G	859209	859224	859768	860790	862808	7	1	0	2.2	543	1	
3	50	1	1	0	G	E	863825	863841	864381	865406	867424	8	0	1	2.4	540	1	
3	51	2	1	0	F	I	868442	868457	869323	870355	872373	7	1	0	2.4	866		0
3	52	2	0	1	I	F	873391	873407	874308	875338	877356	8	0	-1	2.2	901		0
3	53	1	1	1	E	G	878374	878389	878936	879971	881989	7	1	1	2.4	546	1	
3	54	1	1	1	E	G	883009	883022	884107	885138	887156	7	1	1	2.6	1084	1	
3	55	2	1	0	F	I	888173	888189	889363	890387	892405	8	0	-1	2.4	1173		1
3	56	1	1	0	G	E	893423	893438	893981	895003	897021	8	0	1	2.6	542	1	
3	57	1	0	1	E	G	898039	898054	898665	899686	901704	7	1	0	2.6	610	1	
3	58	2	0	0	F	I	902722	902737	903923	904953	906970	7	1	-1	2.4	1185		0
3	59	2	1	1	I	F	907988	908004	908681	909703	911720	8	0	0	2.4	677		0
3	60	1	0	0	G	E	912738	912753	913532	914569	916586	8	0	0	2.4	778	1	
Total money won 5.8
