Participant p027v2visit number -1
Stimuli number 1
Scanner Trigger at time 39000
run_number	trial_number	trial_type	outcome_type	side_type	left_stim	right_stim	stim_onset	choice_onset	interval_onset	outcome_onset	ITI_onset	button_pressed	side_chosen	trial_outcome	total	reaction_time	win_out	loss_out
1	1	1	1	0	A	D	3	13	825	1863	3879	7	1	0	1	812	0	
1	2	2	1	1	C	H	4898	4912	5833	6861	8879	8	0	0	1	920		0
1	3	2	1	0	H	C	9897	9912	10858	11879	13895	7	1	0	1	945		0
1	4	1	0	1	D	A	14913	14928	15553	16577	18595	8	0	1	1.2	625	0	
1	5	1	1	1	D	A	19614	19628	20353	21376	23394	8	0	0	1.2	725	0	
1	6	2	1	0	H	C	24414	24427	25545	26577	28594	7	1	0	1.2	1117		0
1	7	2	1	1	C	H	29612	29627	30873	31909	33927	8	0	0	1.2	1246		0
1	8	1	1	0	A	D	34945	34960	36433	37460	39476	7	1	0	1.2	1473	0	
1	9	2	0	1	C	H	40494	40509	41545	42594	44609	8	0	-1	1	1035		0
1	10	1	1	1	D	A	45627	45642	46657	47691	49709	8	0	0	1	1015	0	
1	11	2	1	0	H	C	50727	50742	51913	52941	54958	7	1	0	1	1171		0
1	12	1	0	0	A	D	55976	55991	56857	57889	59908	7	1	1	1.2	866	0	
1	13	1	1	1	D	A	60926	60941	62233	63257	65274	7	1	1	1.4	1292	1	
1	14	2	0	0	H	C	66292	66307	67785	68806	70824	7	1	-1	1.2	1478		0
1	15	2	1	1	C	H	71841	71857	73154	74189	76206	8	0	0	1.2	1297		0
1	16	1	1	0	A	D	77224	77240	78930	79956	81973	7	1	0	1.2	1689	0	
1	17	2	0	1	C	H	82990	83006	83849	84870	86889	8	0	-1	1	843		0
1	18	1	1	1	D	A	87907	87922	88593	89620	91639	8	0	0	1	671	0	
1	19	2	1	0	H	C	92656	92672	95401	96437	98455	7	1	0	1	2729		0
1	20	1	1	1	D	A	99472	99488	102921	103954	105971	8	0	0	1	3433	0	
1	21	2	1	0	H	C	106988	107004	108290	109319	111337	7	1	0	1	1285		0
1	22	1	1	0	A	D	112355	112370	113561	114586	116603	7	1	0	1	1191	0	
1	23	2	0	1	C	H	117621	117636	118705	119734	121753	8	0	-1	0.8	1069		0
1	24	2	1	1	C	H	122772	122786	124145	125167	127185	8	0	0	0.8	1359		0
1	25	1	0	0	A	D	128203	128218	129289	130316	132335	7	1	1	1	1070	0	
1	26	1	1	1	D	A	133353	133368	134313	135333	137351	8	0	0	1	945	0	
1	27	2	1	0	H	C	138369	138384	139113	140150	142167	7	1	0	1	729		0
1	28	1	1	0	A	D	143185	143201	145049	146083	148100	7	1	0	1	1848	0	
1	29	2	1	1	C	H	149118	149133	150193	151216	153233	8	0	0	1	1059		0
1	30	1	0	1	D	A	154251	154266	154857	155881	157899	8	0	1	1.2	591	0	
1	31	2	1	0	H	C	158917	158933	159825	160851	162866	7	1	0	1.2	892		0
1	32	2	0	0	H	C	163885	163899	164601	165630	167649	7	1	-1	1	702		0
1	33	1	1	1	D	A	168667	168682	169433	170464	172482	8	0	0	1	751	0	
1	34	1	0	0	A	D	173499	173515	175073	176097	178114	8	0	0	1	1558	1	
1	35	2	1	1	C	H	179132	179147	180673	181696	183714	8	0	0	1	1525		0
1	36	1	1	1	D	A	184732	184747	186681	187711	189730	7	1	1	1.2	1934	1	
1	37	2	0	0	H	C	190748	190763	191841	192861	194880	7	1	-1	1	1078		0
1	38	1	1	0	A	D	195897	195913	196609	197644	199663	7	1	0	1	696	0	
1	39	2	1	1	C	H	200680	200696	202737	203762	205779	8	0	0	1	2041		0
1	40	1	1	0	A	D	206796	206812	207681	208711	210728	7	1	0	1	869	0	
1	41	1	0	1	D	A	211746	211761	212313	213343	215361	8	0	1	1.2	552	0	
1	42	2	1	0	H	C	216379	216394	216801	217825	219844	8	0	-1	1	407		1
1	43	1	1	0	A	D	220862	220877	221337	222360	224377	7	1	0	1	460	0	
1	44	2	0	1	C	H	225395	225410	226217	227241	229260	8	0	-1	0.8	807		0
1	45	2	1	1	C	H	230279	230293	231361	232391	234410	8	0	0	0.8	1068		0
1	46	1	1	0	A	D	235427	235443	236001	237025	239042	7	1	0	0.8	558	0	
1	47	2	1	0	H	C	240060	240076	241473	242508	244525	7	1	0	0.8	1397		0
1	48	2	1	1	C	H	245543	245558	246505	247542	249558	8	0	0	0.8	946		0
1	49	1	0	1	D	A	250576	250591	251209	252239	254258	8	0	1	1	618	0	
1	50	1	1	0	A	D	255276	255291	256073	257107	259124	8	0	1	1.2	782	1	
1	51	2	1	0	H	C	260142	260157	260849	261872	263890	7	1	0	1.2	692		0
1	52	2	0	1	C	H	264908	264923	267393	268421	270440	8	0	-1	1	2469		0
1	53	1	1	1	D	A	271458	271473	273345	274371	276389	8	0	0	1	1872	0	
1	54	1	1	1	D	A	277408	277422	278345	279370	281389	7	1	1	1.2	923	1	
1	55	2	1	0	H	C	282407	282422	284017	285036	287055	8	0	-1	1	1595		1
1	56	1	1	0	A	D	288073	288088	289041	290071	292088	7	1	0	1	953	0	
1	57	1	0	1	D	A	293106	293121	293697	294720	296738	7	1	0	1	576	1	
1	58	2	0	0	H	C	297755	297771	298841	299868	301887	7	1	-1	0.8	1070		0
1	59	2	1	1	C	H	302905	302920	303713	304735	306753	8	0	0	0.8	793		0
1	60	1	0	0	A	D	307771	307786	308833	309868	311886	7	1	1	1	1046	0	
2	1	1	1	0	K	X	314856	314869	316297	317318	319336	7	1	0	1	1428	0	
2	2	2	1	1	N	P	320354	320369	321777	322802	324818	8	0	0	1	1408		0
2	3	2	1	0	P	N	325836	325851	327321	328351	330368	7	1	0	1	1469		0
2	4	1	0	1	X	K	331385	331401	332313	333332	335351	8	0	1	1.2	912	0	
2	5	1	1	1	X	K	336370	336384	337041	338066	340084	8	0	0	1.2	657	0	
2	6	2	1	0	P	N	341101	341117	342377	343399	345417	7	1	0	1.2	1260		0
2	7	2	1	1	N	P	346434	346450	347561	348582	350600	8	0	0	1.2	1111		0
2	8	1	1	0	K	X	351617	351633	352313	353349	355366	7	1	0	1.2	680	0	
2	9	2	0	1	N	P	356383	356399	357449	358481	360499	7	1	0	1.2	1050		1
2	10	1	1	1	X	K	361516	361532	362097	363132	365148	8	0	0	1.2	565	0	
2	11	2	1	0	P	N	366166	366181	367209	368231	370248	7	1	0	1.2	1027		0
2	12	1	0	0	K	X	371265	371281	371921	372947	374964	7	1	1	1.4	640	0	
2	13	1	1	1	X	K	375982	375997	376977	378012	380030	8	0	0	1.4	979	0	
2	14	2	0	0	P	N	381048	381063	381857	382878	384897	7	1	-1	1.2	793		0
2	15	2	1	1	N	P	385914	385930	386817	387844	389863	7	1	-1	1	887		1
2	16	1	1	0	K	X	390881	390896	391345	392378	394396	7	1	0	1	449	0	
2	17	2	0	1	N	P	395414	395429	396305	397326	399345	8	0	-1	0.8	876		0
2	18	1	1	1	X	K	400363	400378	401073	402093	404112	8	0	0	0.8	694	0	
2	19	2	1	0	P	N	405129	405145	406353	407377	409394	7	1	0	0.8	1208		0
2	20	1	1	1	X	K	410412	410428	411033	412060	414077	8	0	0	0.8	605	0	
2	21	2	1	0	P	N	415095	415110	415993	417026	419044	7	1	0	0.8	882		0
2	22	1	1	0	K	X	420061	420077	420617	421643	423660	7	1	0	0.8	540	0	
2	23	2	0	1	N	P	424678	424693	425761	426792	428809	8	0	-1	0.6	1068		0
2	24	2	1	1	N	P	429829	429843	430481	431509	433526	7	1	-1	0.4	638		1
2	25	1	0	0	K	X	434544	434559	435033	436058	438075	7	1	1	0.6	474	0	
2	26	1	1	1	X	K	439093	439108	440129	441157	443175	8	0	0	0.6	1020	0	
2	27	2	1	0	P	N	444193	444208	444977	446009	448024	7	1	0	0.6	769		0
2	28	1	1	0	K	X	449042	449058	449617	450640	452657	7	1	0	0.6	559	0	
2	29	2	1	1	N	P	453675	453690	455033	456058	458074	8	0	0	0.6	1342		0
2	30	1	0	1	X	K	459091	459107	459609	460639	462657	8	0	1	0.8	502	0	
2	31	2	1	0	P	N	463674	463690	464393	465422	467439	7	1	0	0.8	703		0
2	32	2	0	0	P	N	468459	468473	469345	470371	472389	7	1	-1	0.6	872		0
2	33	1	1	1	X	K	473407	473422	474009	475037	477055	8	0	0	0.6	587	0	
2	34	1	0	0	K	X	478073	478088	479185	480220	482238	7	1	1	0.8	1096	0	
2	35	2	1	1	N	P	483256	483271	485033	486053	488071	8	0	0	0.8	1762		0
2	36	1	1	1	X	K	489089	489104	489937	490970	492987	8	0	0	0.8	833	0	
2	37	2	0	0	P	N	494005	494020	496209	497235	499253	7	1	-1	0.6	2188		0
2	38	1	1	0	K	X	500271	500286	500897	501919	503936	7	1	0	0.6	610	0	
2	39	2	1	1	N	P	504954	504969	506049	507085	509103	8	0	0	0.6	1079		0
2	40	1	1	0	K	X	510120	510136	510649	511685	513702	7	1	0	0.6	513	0	
2	41	1	0	1	X	K	514720	514735	515857	516885	518902	8	0	1	0.8	1121	0	
2	42	2	1	0	P	N	519920	519935	521345	522366	524385	7	1	0	0.8	1410		0
2	43	1	1	0	K	X	525402	525418	526137	527166	529184	7	1	0	0.8	719	0	
2	44	2	0	1	N	P	530202	530217	532321	533349	535367	8	0	-1	0.6	2104		0
2	45	2	1	1	N	P	536386	536400	538521	539548	541566	8	0	0	0.6	2121		0
2	46	1	1	0	K	X	542584	542599	543489	544515	546533	7	1	0	0.6	889	0	
2	47	2	1	0	P	N	547550	547566	549329	550364	552382	8	0	-1	0.4	1763		1
2	48	2	1	1	N	P	553400	553415	554345	555381	557398	8	0	0	0.4	930		0
2	49	1	0	1	X	K	558416	558431	559097	560130	562148	8	0	1	0.6	665	0	
2	50	1	1	0	K	X	563166	563181	563809	564830	566848	7	1	0	0.6	628	0	
2	51	2	1	0	P	N	567865	567881	568825	569846	571864	7	1	0	0.6	944		0
2	52	2	0	1	N	P	572882	572897	574641	575662	577680	8	0	-1	0.4	1744		0
2	53	1	1	1	X	K	578698	578713	579593	580629	582646	8	0	0	0.4	880	0	
2	54	1	1	1	X	K	583666	583679	584209	585245	587262	8	0	0	0.4	529	0	
2	55	2	1	0	P	N	588280	588296	589577	590612	592629	7	1	0	0.4	1281		0
2	56	1	1	0	K	X	593646	593662	594273	595295	597312	7	1	0	0.4	611	0	
2	57	1	0	1	X	K	598330	598345	598945	599976	601995	8	0	1	0.6	600	0	
2	58	2	0	0	P	N	603012	603028	604713	605743	607761	7	1	-1	0.4	1685		0
2	59	2	1	1	N	P	608779	608794	609905	610925	612944	8	0	0	0.4	1111		0
2	60	1	0	0	K	X	613962	613977	614529	615559	617577	7	1	1	0.6	552	0	
3	1	1	1	0	E	G	619980	619993	621553	622574	624593	7	1	0	1	1560	0	
3	2	2	1	1	F	I	625611	625626	627761	628791	630809	8	0	0	1	2135		0
3	3	2	1	0	I	F	631827	631842	632729	633758	635775	7	1	0	1	887		0
3	4	1	0	1	G	E	636793	636808	637497	638522	640541	8	0	1	1.2	689	0	
3	5	1	1	1	G	E	641561	641574	642401	643423	645441	8	0	0	1.2	826	0	
3	6	2	1	0	I	F	646459	646474	647545	648571	650590	8	0	-1	1	1071		1
3	7	2	1	1	F	I	651608	651623	652481	653505	655523	8	0	0	1	857		0
3	8	1	1	0	E	G	656541	656556	657225	658256	660273	7	1	0	1	668	0	
3	9	2	0	1	F	I	661291	661306	662449	663470	665489	8	0	-1	0.8	1143		0
3	10	1	1	1	G	E	666507	666522	667825	668854	670872	8	0	0	0.8	1303	0	
3	11	2	1	0	I	F	671890	671905	672481	673503	675522	8	0	-1	0.6	576		1
3	12	1	0	0	E	G	676539	676555	677657	678687	680704	7	1	1	0.8	1102	0	
3	13	1	1	1	G	E	681722	681738	683233	684269	686287	8	0	0	0.8	1495	0	
3	14	2	0	0	I	F	687305	687320	689473	690502	692520	7	1	-1	0.6	2152		0
3	15	2	1	1	F	I	693538	693553	695497	696518	698536	8	0	0	0.6	1944		0
3	16	1	1	0	E	G	699554	699569	700393	701419	703436	7	1	0	0.6	823	0	
3	17	2	0	1	F	I	704454	704469	707241	708267	710285	8	0	-1	0.4	2772		0
3	18	1	1	1	G	E	711303	711318	712017	713050	715068	8	0	0	0.4	698	0	
3	19	2	1	0	I	F	716086	716101	718209	719233	721251	8	0	-1	0.2	2107		1
3	20	1	1	1	G	E	722269	722284	723353	724382	726400	8	0	0	0.2	1069	0	
3	21	2	1	0	I	F	727418	727434	728345	729366	731383	7	1	0	0.2	911		0
3	22	1	1	0	E	G	732401	732416	733425	734449	736466	7	1	0	0.2	1008	0	
3	23	2	0	1	F	I	737484	737499	738761	739784	741799	8	0	-1	5.55111512312578e-17	1261		0
3	24	2	1	1	F	I	742819	742832	745961	746998	749015	8	0	0	5.55111512312578e-17	3128		0
3	25	1	0	0	E	G	750033	750048	750697	751729	753748	7	1	1	0.2	648	0	
3	26	1	1	1	G	E	754766	754781	755745	756780	758798	8	0	0	0.2	963	0	
3	27	2	1	0	I	F	759815	759831	761089	762112	764131	8	0	-1	5.55111512312578e-17	1258		1
3	28	1	1	0	E	G	765148	765164	765849	766879	768897	7	1	0	5.55111512312578e-17	685	0	
3	29	2	1	1	F	I	769915	769930	770873	771896	773913	8	0	0	5.55111512312578e-17	943		0
3	30	1	0	1	G	E	774931	774946	775849	776878	778896	8	0	1	0.2	903	0	
3	31	2	1	0	I	F	779914	779929	780777	781811	783829	7	1	0	0.2	848		0
3	32	2	0	0	I	F	784848	784862	788705	789726	791745	7	1	-1	5.55111512312578e-17	3843		0
3	33	1	1	1	G	E	792763	792778	793681	794710	796728	8	0	0	5.55111512312578e-17	903	0	
3	34	1	0	0	E	G	797746	797761	798617	799642	801661	7	1	1	0.2	856	0	
3	35	2	1	1	F	I	802678	802694	803769	804791	806810	7	1	-1	5.55111512312578e-17	1075		1
3	36	1	1	1	G	E	807828	807843	808625	809659	811677	8	0	0	5.55111512312578e-17	781	0	
3	37	2	0	0	I	F	812694	812710	813617	814640	816659	7	1	-1	0	907		0
3	38	1	1	0	E	G	817677	817692	818353	819374	821392	7	1	0	0	660	0	
3	39	2	1	1	F	I	822410	822425	824337	825358	827375	8	0	0	0	1911		0
3	40	1	1	0	E	G	828393	828408	829065	830091	832108	7	1	0	0	656	0	
3	41	1	0	1	G	E	833126	833141	833769	834789	836808	8	0	1	0.2	627	0	
3	42	2	1	0	I	F	837826	837841	840369	841388	843407	8	0	-1	0	2528		1
3	43	1	1	0	E	G	844425	844440	845145	846172	848190	7	1	0	0	704	0	
3	44	2	0	1	F	I	849208	849223	850425	851456	853473	7	1	0	0	1202		1
3	45	2	1	1	F	I	854493	854506	856065	857088	859106	8	0	0	0	1559		0
3	46	1	1	0	E	G	860124	860139	860593	861620	863639	7	1	0	0	454	0	
3	47	2	1	0	I	F	864656	864672	865145	866170	868188	8	0	-1	0	473		1
3	48	2	1	1	F	I	869206	869221	870649	871670	873688	8	0	0	0	1427		0
3	49	1	0	1	G	E	874706	874721	875577	876603	878621	8	0	1	0.2	856	0	
3	50	1	1	0	E	G	879639	879654	880313	881336	883354	7	1	0	0.2	659	0	
3	51	2	1	0	I	F	884371	884387	887929	888952	890970	7	1	0	0.2	3542		0
3	52	2	0	1	F	I	891987	892003	893009	894033	896053	8	0	-1	0	1006		0
3	53	1	1	1	G	E	897070	897086	897873	898901	900919	8	0	0	0	787	0	
3	54	1	1	1	G	E	901938	901952	902569	903601	905618	8	0	0	0	617	0	
3	55	2	1	0	I	F	906636	906651	907017	908051	910068	7	1	0	0	365		0
3	56	1	1	0	E	G	911086	911101	911161	912182	914201	8	0	1	0.2	59	1	
3	57	1	0	1	G	E	915219	915234	916177	917199	919217	7	1	0	0.2	942	1	
3	58	2	0	0	I	F	920235	920250	920473	921502	923517	8	0	0	0.2	222		1
3	59	2	1	1	F	I	924535	924550	925225	926249	928266	8	0	0	0.2	675		0
3	60	1	0	0	E	G	929284	929300	929561	930583	932599	8	0	0	0.2	261	1	
Total money won 1.8
