Participant p033visit number -1
Stimuli number 1
Scanner Trigger at time 156000
run_number	trial_number	trial_type	outcome_type	side_type	left_stim	right_stim	stim_onset	choice_onset	interval_onset	outcome_onset	ITI_onset	button_pressed	side_chosen	trial_outcome	total	reaction_time	win_out	loss_out
1	1	2	1	0	H	C	3	20	8328	9353	11369	8	0	-1	0.8	8308		1
1	2	1	1	1	D	A	12388	12402	16280	17321	19335	8	0	0	0.8	3878	0	
1	3	1	1	0	A	D	20352	20368	27608	28631	30650	8	0	1	1	7240	1	
1	4	2	0	1	C	H	31668	31683	34256	35281	37300	8	0	-1	0.8	2572		0
1	5	2	1	1	C	H	38319	38333	41600	42631	44649	8	0	0	0.8	3266		0
1	6	1	1	0	A	D	45669	45682	48928	49963	51982	8	0	1	1	3245	1	
1	7	1	1	1	D	A	53000	53015	68088	69112	71130	8	0	0	1	15072	0	
1	8	2	1	0	H	C	72148	72163	79104	80127	82146	8	0	-1	0.8	6940		1
1	9	1	0	1	D	A	83164	83179	85768	86793	88812	8	0	1	1	2588	0	
1	10	2	1	1	C	H	89830	89845	100832	101860	103878	8	0	0	1	10986		0
1	11	1	1	0	A	D	104895	104911	106712	107741	109760	8	0	1	1.2	1801	1	
1	12	2	0	0	H	C	110778	110793	112064	113092	115110	8	0	0	1.2	1270		1
1	13	2	1	1	C	H	116127	116143	117928	118957	120976	7	1	-1	1	1784		1
1	14	1	0	0	A	D	121994	122009	128432	129457	131475	8	0	0	1	6422	1	
1	15	1	1	1	D	A	132493	132508	136128	137157	139174	8	0	0	1	3619	0	
1	16	2	1	0	H	C	140192	140208	144408	145440	147457	7	1	0	1	4200		0
1	17	1	0	1	D	A	148475	148490	151336	152372	154390	7	1	0	1	2845	1	
1	18	2	1	1	C	H	155408	155423	165304	166336	168355	7	1	-1	0.8	9881		1
1	19	1	1	0	A	D	169373	169388	190040	191069	193087	7	1	0	0.8	20651	0	
1	20	2	1	1	C	H	194104	194120	202336	203369	205385	8	0	0	0.8	8216		0
1	21	1	1	0	A	D	206403	206419	225560	226584	228600	7	1	0	0.8	19141	0	
1	22	2	1	0	H	C	229618	229633	231824	232848	234866	8	0	-1	0.6	2190		1
1	23	1	0	1	D	A	235884	235899	241664	242697	244715	8	0	1	0.8	5764	0	
1	24	1	1	1	D	A	245734	245748	251168	252197	254215	7	1	1	1	5419	1	
1	25	2	0	0	H	C	255232	255248	257328	258361	260381	7	1	-1	0.8	2080		0
1	26	2	1	1	C	H	261399	261414	263392	264412	266430	8	0	0	0.8	1978		0
1	27	1	1	0	A	D	267448	267463	270368	271396	273413	7	1	0	0.8	2904	0	
1	28	2	1	0	H	C	274431	274446	290376	291411	293428	7	1	0	0.8	15929		0
1	29	1	1	1	D	A	294446	294461	298512	299543	301561	8	0	0	0.8	4050	0	
1	30	2	0	1	C	H	302578	302594	306240	307275	309293	8	0	-1	0.6	3646		0
1	31	1	1	0	A	D	310311	310326	318072	319107	321126	7	1	0	0.6	7745	0	
1	32	1	0	0	A	D	322145	322159	324944	325974	327992	7	1	1	0.8	2785	0	
1	33	2	1	1	C	H	329009	329025	336400	337423	339441	7	1	-1	0.6	7375		1
1	34	2	0	0	H	C	340458	340474	352048	353072	355089	7	1	-1	0.4	11574		0
1	35	1	1	1	D	A	356107	356122	358312	359337	361355	8	0	0	0.4	2189	0	
1	36	2	1	1	C	H	362373	362389	364512	365537	367555	7	1	-1	0.2	2123		1
1	37	1	0	0	A	D	368573	368588	376416	377436	379454	7	1	1	0.4	7827	0	
1	38	2	1	0	H	C	380472	380487	386216	387252	389270	8	0	-1	0.2	5728		1
1	39	1	1	1	D	A	390287	390303	391936	392968	394986	8	0	0	0.2	1633	0	
1	40	2	1	0	H	C	396004	396019	398800	399837	401852	8	0	-1	5.55111512312578e-17	2780		1
1	41	2	0	1	C	H	402870	402885	406688	407717	409735	7	1	0	5.55111512312578e-17	3802		1
1	42	1	1	0	A	D	410752	410768	413872	414899	416917	8	0	1	0.2	3104	1	
1	43	2	1	0	H	C	417935	417950	421712	422731	424750	8	0	-1	5.55111512312578e-17	3761		1
1	44	1	0	1	D	A	425768	425783	428872	429898	431916	7	1	0	5.55111512312578e-17	3088	1	
1	45	1	1	1	D	A	432935	432949	435080	436114	438132	7	1	1	0.2	2130	1	
1	46	2	1	0	H	C	439150	439165	446016	447046	449065	8	0	-1	5.55111512312578e-17	6850		1
1	47	1	1	0	A	D	450082	450098	451728	452762	454781	8	0	1	0.2	1630	1	
1	48	1	1	1	D	A	455798	455814	459152	460180	462197	7	1	1	0.4	3338	1	
1	49	2	0	1	C	H	463215	463230	469016	470045	472063	7	1	0	0.4	5786		1
1	50	2	1	0	H	C	473080	473096	476120	477144	479162	8	0	-1	0.2	3024		1
1	51	1	1	0	A	D	480180	480195	482760	483794	485811	8	0	1	0.4	2564	1	
1	52	1	0	1	D	A	486829	486845	490152	491176	493194	7	1	0	0.4	3307	1	
1	53	2	1	1	C	H	494212	494227	496568	497592	499610	7	1	-1	0.2	2340		1
1	54	2	1	1	C	H	500629	500643	503232	504259	506277	8	0	0	0.2	2588		0
1	55	1	1	0	A	D	507294	507309	508752	509777	511793	8	0	1	0.4	1442	1	
1	56	2	1	0	H	C	512811	512826	515512	516541	518559	7	1	0	0.4	2686		0
1	57	2	0	1	C	H	519576	519592	521296	522325	524342	7	1	0	0.4	1704		1
1	58	1	0	0	A	D	525359	525375	526936	527957	529974	8	0	0	0.4	1561	1	
1	59	1	1	1	D	A	530992	531007	533368	534390	536407	7	1	1	0.6	2360	1	
1	60	2	0	0	H	C	537425	537440	541000	542022	544040	7	1	-1	0.4	3559		0
2	1	1	1	0	K	X	559858	559872	566544	567571	569588	7	1	0	1	6672	0	
2	2	2	1	1	N	P	570606	570621	578928	579951	581970	7	1	-1	0.8	8307		1
2	3	2	1	0	P	N	582988	583003	586352	587385	589403	8	0	-1	0.6	3349		1
2	4	1	0	1	X	K	590420	590436	593392	594417	596435	7	1	0	0.6	2956	1	
2	5	1	1	1	X	K	597454	597468	599424	600451	602468	8	0	0	0.6	1955	0	
2	6	2	1	0	P	N	603486	603501	605320	606350	608368	7	1	0	0.6	1818		0
2	7	2	1	1	N	P	609385	609401	611352	612383	614400	8	0	0	0.6	1951		0
2	8	1	1	0	K	X	615418	615434	617664	618699	620717	8	0	1	0.8	2230	1	
2	9	2	0	1	N	P	621734	621750	626168	627198	629216	8	0	-1	0.6	4418		0
2	10	1	1	1	X	K	630234	630249	633696	634730	636749	8	0	0	0.6	3447	0	
2	11	2	1	0	P	N	637766	637782	639824	640848	642865	7	1	0	0.6	2042		0
2	12	1	0	0	K	X	643882	643898	648560	649598	651614	8	0	0	0.6	4662	1	
2	13	1	1	1	X	K	652632	652647	654552	655580	657597	7	1	1	0.8	1905	1	
2	14	2	0	0	P	N	658614	658630	660944	661978	663996	7	1	-1	0.6	2314		0
2	15	2	1	1	N	P	665014	665029	667064	668094	670112	8	0	0	0.6	2034		0
2	16	1	1	0	K	X	671130	671145	675096	676127	678145	8	0	1	0.8	3950	1	
2	17	2	0	1	N	P	679163	679178	682392	683426	685444	7	1	0	0.8	3213		1
2	18	1	1	1	X	K	686462	686477	691520	692542	694560	7	1	1	1	5042	1	
2	19	2	1	0	P	N	695578	695593	699928	700958	702976	7	1	0	1	4334		0
2	20	1	1	1	X	K	703994	704009	707640	708673	710692	7	1	1	1.2	3630	1	
2	21	2	1	0	P	N	711710	711725	714480	715507	717525	7	1	0	1.2	2754		0
2	22	1	1	0	K	X	718543	718558	721944	722973	724991	8	0	1	1.4	3386	1	
2	23	2	0	1	N	P	726009	726024	743328	744354	746372	8	0	-1	1.2	17303		0
2	24	2	1	1	N	P	747391	747406	749584	750604	752622	7	1	-1	1	2178		1
2	25	1	0	0	K	X	753640	753655	757032	758053	760071	8	0	0	1	3377	1	
2	26	1	1	1	X	K	761089	761104	762184	763219	765238	7	1	1	1.2	1079	1	
2	27	2	1	0	P	N	766255	766271	770168	771203	773220	7	1	0	1.2	3897		0
2	28	1	1	0	K	X	774238	774253	776544	777568	779586	8	0	1	1.4	2290	1	
2	29	2	1	1	N	P	780604	780619	782424	783451	785469	8	0	0	1.4	1804		0
2	30	1	0	1	X	K	786487	786502	791272	792301	794318	7	1	0	1.4	4769	1	
2	31	2	1	0	P	N	795336	795351	797784	798818	800834	7	1	0	1.4	2432		0
2	32	2	0	0	P	N	801854	801868	803200	804233	806251	7	1	-1	1.2	1332		0
2	33	1	1	1	X	K	807268	807284	808536	809567	811584	7	1	1	1.4	1252	1	
2	34	1	0	0	K	X	812601	812617	814352	815382	817400	8	0	0	1.4	1735	1	
2	35	2	1	1	N	P	818418	818433	822880	823915	825932	8	0	0	1.4	4447		0
2	36	1	1	1	X	K	826950	826965	829536	830564	832582	7	1	1	1.6	2570	1	
2	37	2	0	0	P	N	833600	833615	837368	838397	840414	8	0	0	1.6	3753		1
2	38	1	1	0	K	X	841432	841447	842584	843613	845631	8	0	1	1.8	1136	1	
2	39	2	1	1	N	P	846648	846664	850056	851079	853097	8	0	0	1.8	3392		0
2	40	1	1	0	K	X	854114	854130	854944	855978	857996	8	0	1	2	814	1	
2	41	1	0	1	X	K	859014	859029	861144	862178	864196	7	1	0	2	2114	1	
2	42	2	1	0	P	N	865214	865229	869112	870143	872162	8	0	-1	1.8	3883		1
2	43	1	1	0	K	X	873179	873195	873976	875009	877028	8	0	1	2	781	1	
2	44	2	0	1	N	P	878046	878061	880408	881443	883461	7	1	0	2	2347		1
2	45	2	1	1	N	P	884480	884494	886096	887125	889144	7	1	-1	1.8	1602		1
2	46	1	1	0	K	X	890161	890177	892368	893391	895410	8	0	1	2	2191	1	
2	47	2	1	0	P	N	896428	896443	898432	899458	901476	7	1	0	2	1989		0
2	48	2	1	1	N	P	902494	902509	904320	905341	907359	8	0	0	2	1811		0
2	49	1	0	1	X	K	908376	908392	909168	910194	912208	7	1	0	2	776	1	
2	50	1	1	0	K	X	913226	913241	916448	917472	919491	8	0	1	2.2	3206	1	
2	51	2	1	0	P	N	920509	920524	926088	927122	929140	7	1	0	2.2	5563		0
2	52	2	0	1	N	P	930158	930173	933752	934789	936806	7	1	0	2.2	3578		1
2	53	1	1	1	X	K	937824	937839	938720	939755	941772	7	1	1	2.4	880	1	
2	54	1	1	1	X	K	942791	942805	943736	944772	946789	7	1	1	2.6	930	1	
2	55	2	1	0	P	N	947806	947822	951392	952420	954438	7	1	0	2.6	3570		0
2	56	1	1	0	K	X	955456	955471	957312	958336	960354	8	0	1	2.8	1840	1	
2	57	1	0	1	X	K	961372	961387	963288	964319	966337	7	1	0	2.8	1900	1	
2	58	2	0	0	P	N	967355	967370	972680	973701	975720	7	1	-1	2.6	5309		0
2	59	2	1	1	N	P	976737	976753	977264	978285	980302	7	1	-1	2.4	511		1
2	60	1	0	0	K	X	981320	981336	981968	983001	985019	8	0	0	2.4	632	1	
3	1	1	1	0	E	G	994236	994251	1006296	1007332	1009350	7	1	0	1	12044	0	
3	2	2	1	1	F	I	1010369	1010383	1012344	1013364	1015383	7	1	-1	0.8	1961		1
3	3	2	1	0	I	F	1016401	1016416	1021144	1022165	1024182	8	0	-1	0.6	4728		1
3	4	1	0	1	G	E	1025200	1025215	1027264	1028298	1030315	8	0	1	0.8	2048	0	
3	5	1	1	1	G	E	1031334	1031348	1032280	1033313	1035331	8	0	0	0.8	932	0	
3	6	2	1	0	I	F	1036349	1036364	1038272	1039297	1041314	7	1	0	0.8	1907		0
3	7	2	1	1	F	I	1042332	1042347	1043264	1044296	1046313	8	0	0	0.8	917		0
3	8	1	1	0	E	G	1047331	1047347	1048416	1049446	1051463	7	1	0	0.8	1069	0	
3	9	2	0	1	F	I	1052481	1052496	1053576	1054611	1056629	8	0	-1	0.6	1079		0
3	10	1	1	1	G	E	1057647	1057662	1058592	1059627	1061645	8	0	0	0.6	929	0	
3	11	2	1	0	I	F	1062663	1062679	1064576	1065612	1067628	7	1	0	0.6	1897		0
3	12	1	0	0	E	G	1068646	1068661	1069584	1070610	1072628	7	1	1	0.8	922	0	
3	13	1	1	1	G	E	1073646	1073661	1074464	1075493	1077511	8	0	0	0.8	803	0	
3	14	2	0	0	I	F	1078529	1078544	1079808	1080842	1082860	7	1	-1	0.6	1264		0
3	15	2	1	1	F	I	1083878	1083893	1085136	1086159	1088177	8	0	0	0.6	1242		0
3	16	1	1	0	E	G	1089194	1089210	1090144	1091176	1093193	7	1	0	0.6	934	0	
3	17	2	0	1	F	I	1094211	1094226	1097496	1098527	1100542	7	1	0	0.6	3270		1
3	18	1	1	1	G	E	1101560	1101575	1102384	1103408	1105425	8	0	0	0.6	808	0	
3	19	2	1	0	I	F	1106443	1106458	1109472	1110507	1112524	7	1	0	0.6	3013		0
3	20	1	1	1	G	E	1113542	1113558	1116632	1117657	1119674	8	0	0	0.6	3074	0	
3	21	2	1	0	I	F	1120692	1120707	1121528	1122556	1124573	7	1	0	0.6	821		0
3	22	1	1	0	E	G	1125591	1125607	1126696	1127723	1129740	7	1	0	0.6	1089	0	
3	23	2	0	1	F	I	1130757	1130773	1131336	1132371	1134389	8	0	-1	0.4	563		0
3	24	2	1	1	F	I	1135408	1135422	1137488	1138521	1140539	7	1	-1	0.2	2065		1
3	25	1	0	0	E	G	1141557	1141572	1142208	1143237	1145255	7	1	1	0.4	636	0	
3	26	1	1	1	G	E	1146273	1146288	1147480	1148503	1150521	8	0	0	0.4	1192	0	
3	27	2	1	0	I	F	1151539	1151554	1152832	1153854	1155871	7	1	0	0.4	1277		0
3	28	1	1	0	E	G	1156888	1156904	1158272	1159303	1161320	7	1	0	0.4	1368	0	
3	29	2	1	1	F	I	1162338	1162353	1163992	1165018	1167036	7	1	-1	0.2	1638		1
3	30	1	0	1	G	E	1168054	1168070	1168912	1169935	1171953	8	0	1	0.4	842	0	
3	31	2	1	0	I	F	1172970	1172986	1174264	1175284	1177302	7	1	0	0.4	1278		0
3	32	2	0	0	I	F	1178321	1178335	1182688	1183717	1185735	7	1	-1	0.2	4352		0
3	33	1	1	1	G	E	1186753	1186768	1187848	1188883	1190901	8	0	0	0.2	1080	0	
3	34	1	0	0	E	G	1191919	1191934	1192664	1193699	1195717	7	1	1	0.4	729	0	
3	35	2	1	1	F	I	1196735	1196750	1200976	1201999	1204017	8	0	0	0.4	4225		0
3	36	1	1	1	G	E	1205034	1205050	1206144	1207166	1209183	8	0	0	0.4	1094	0	
3	37	2	0	0	I	F	1210201	1210216	1212752	1213781	1215799	7	1	-1	0.2	2536		0
3	38	1	1	0	E	G	1216817	1216832	1217824	1218847	1220865	7	1	0	0.2	992	0	
3	39	2	1	1	F	I	1221883	1221898	1226736	1227764	1229781	8	0	0	0.2	4837		0
3	40	1	1	0	E	G	1230799	1230814	1231648	1232680	1234697	7	1	0	0.2	833	0	
3	41	1	0	1	G	E	1235715	1235730	1237168	1238196	1240214	8	0	1	0.4	1437	0	
3	42	2	1	0	I	F	1241231	1241247	1245528	1246562	1248579	7	1	0	0.4	4281		0
3	43	1	1	0	E	G	1249597	1249613	1250384	1251412	1253429	7	1	0	0.4	771	0	
3	44	2	0	1	F	I	1254447	1254462	1255032	1256061	1258079	7	1	0	0.4	569		1
3	45	2	1	1	F	I	1259098	1259112	1262960	1263993	1266011	7	1	-1	0.2	3848		1
3	46	1	1	0	E	G	1267029	1267044	1267840	1268876	1270894	7	1	0	0.2	795	0	
3	47	2	1	0	I	F	1271912	1271927	1273920	1274943	1276960	7	1	0	0.2	1992		0
3	48	2	1	1	F	I	1277978	1277993	1281000	1282027	1284043	8	0	0	0.2	3006		0
3	49	1	0	1	G	E	1285062	1285076	1286120	1287142	1289159	7	1	0	0.2	1043	1	
3	50	1	1	0	E	G	1290177	1290192	1291016	1292042	1294059	7	1	0	0.2	823	0	
3	51	2	1	0	I	F	1295077	1295092	1298784	1299808	1301825	7	1	0	0.2	3692		0
3	52	2	0	1	F	I	1302843	1302858	1306528	1307557	1309574	8	0	-1	5.55111512312578e-17	3670		0
3	53	1	1	1	G	E	1310592	1310607	1311336	1312355	1314374	7	1	1	0.2	728	1	
3	54	1	1	1	G	E	1315393	1315407	1319264	1320289	1322307	8	0	0	0.2	3857	0	
3	55	2	1	0	I	F	1323324	1323340	1328432	1329455	1331472	7	1	0	0.2	5092		0
3	56	1	1	0	E	G	1332490	1332505	1334256	1335288	1337305	8	0	1	0.4	1750	1	
3	57	1	0	1	G	E	1338323	1338338	1341840	1342871	1344888	8	0	1	0.6	3501	0	
3	58	2	0	0	I	F	1345906	1345921	1348224	1349253	1351271	8	0	0	0.6	2303		1
3	59	2	1	1	F	I	1352288	1352304	1357208	1358235	1360253	7	1	-1	0.4	4904		1
3	60	1	0	0	E	G	1361271	1361286	1362120	1363152	1365170	7	1	1	0.6	833	0	
Total money won 3.4
