Participant P034visit number -1
Stimuli number 1
Scanner Trigger at time 36000
run_number	trial_number	trial_type	outcome_type	side_type	left_stim	right_stim	stim_onset	choice_onset	interval_onset	outcome_onset	ITI_onset	button_pressed	side_chosen	trial_outcome	total	reaction_time	win_out	loss_out
1	1	2	1	0	H	C	4	13	11736	12766	14779	7	1	0	1	11722		0
1	2	1	1	1	A	D	15798	15812	17840	18861	20878	7	1	1	1.2	2027	1	
1	3	1	1	0	D	A	21896	21911	23200	24228	26244	8	0	1	1.4	1288	1	
1	4	2	0	1	C	H	27262	27277	28752	29776	31794	7	1	0	1.4	1474		1
1	5	2	1	1	C	H	32813	32827	34464	35493	37510	8	0	0	1.4	1636		0
1	6	1	1	0	D	A	38530	38543	39568	40592	42610	7	1	0	1.4	1024	0	
1	7	1	1	1	A	D	43627	43643	44592	45626	47643	7	1	1	1.6	948	1	
1	8	2	1	0	H	C	48660	48676	50136	51158	53175	7	1	0	1.6	1460		0
1	9	1	0	1	A	D	54193	54208	55656	56692	58708	7	1	0	1.6	1447	1	
1	10	2	1	1	C	H	59726	59741	61048	62074	64091	8	0	0	1.6	1306		0
1	11	1	1	0	D	A	65109	65124	65864	66890	68907	7	1	0	1.6	739	0	
1	12	2	0	0	H	C	69926	69940	71432	72457	74474	8	0	0	1.6	1491		1
1	13	2	1	1	C	H	75491	75507	76096	77130	79140	7	1	-1	1.4	589		1
1	14	1	0	0	D	A	80158	80173	80992	82023	84039	8	0	0	1.4	818	1	
1	15	1	1	1	A	D	85057	85073	86312	87339	89356	8	0	0	1.4	1239	0	
1	16	2	1	0	H	C	90373	90389	91752	92788	94805	7	1	0	1.4	1362		0
1	17	1	0	1	A	D	95823	95838	97360	98388	100405	7	1	0	1.4	1521	1	
1	18	2	1	1	C	H	101423	101438	102488	103520	105538	8	0	0	1.4	1049		0
1	19	1	1	0	D	A	106555	106571	107616	108636	110654	8	0	1	1.6	1044	1	
1	20	2	1	1	C	H	111672	111687	113344	114369	116387	8	0	0	1.6	1656		0
1	21	1	1	0	D	A	117404	117420	118408	119436	121453	8	0	1	1.8	987	1	
1	22	2	1	0	H	C	122471	122486	124600	125635	127652	7	1	0	1.8	2114		0
1	23	1	0	1	A	D	128670	128685	130608	131634	133652	8	0	1	2	1922	0	
1	24	1	1	1	A	D	134671	134685	136528	137551	139568	8	0	0	2	1842	0	
1	25	2	0	0	H	C	140586	140601	142480	143499	145518	7	1	-1	1.8	1878		0
1	26	2	1	1	C	H	146535	146551	147920	148949	150967	8	0	0	1.8	1368		0
1	27	1	1	0	D	A	151985	152000	153904	154931	156950	8	0	1	2	1903	1	
1	28	2	1	0	H	C	157968	157983	159632	160664	162683	8	0	-1	1.8	1648		1
1	29	1	1	1	A	D	163701	163716	164928	165948	167966	8	0	0	1.8	1211	0	
1	30	2	0	1	C	H	168983	168999	170248	171282	173298	8	0	-1	1.6	1249		0
1	31	1	1	0	D	A	174316	174332	175432	176464	178481	8	0	1	1.8	1100	1	
1	32	1	0	0	D	A	179500	179514	180312	181350	183364	8	0	0	1.8	797	1	
1	33	2	1	1	C	H	184382	184397	187784	188812	190830	7	1	-1	1.6	3386		1
1	34	2	0	0	H	C	191848	191863	194280	195312	197330	8	0	0	1.6	2416		1
1	35	1	1	1	A	D	198348	198363	199432	200462	202479	8	0	0	1.6	1068	0	
1	36	2	1	1	C	H	203497	203512	204856	205878	207896	8	0	0	1.6	1343		0
1	37	1	0	0	D	A	208913	208929	210256	211278	213295	8	0	0	1.6	1327	1	
1	38	2	1	0	H	C	214313	214328	215496	216527	218545	8	0	-1	1.4	1167		1
1	39	1	1	1	A	D	219562	219578	220528	221561	223578	8	0	0	1.4	950	0	
1	40	2	1	0	H	C	224595	224611	225528	226560	228577	7	1	0	1.4	917		0
1	41	2	0	1	C	H	229595	229610	230456	231492	233510	8	0	-1	1.2	845		0
1	42	1	1	0	D	A	234528	234543	235360	236392	238410	8	0	1	1.4	816	1	
1	43	2	1	0	H	C	239427	239443	240472	241508	243526	8	0	-1	1.2	1029		1
1	44	1	0	1	A	D	244543	244559	246056	247091	249109	8	0	1	1.4	1496	0	
1	45	1	1	1	A	D	250128	250142	252640	253673	255691	8	0	0	1.4	2497	0	
1	46	2	1	0	H	C	256709	256724	258792	259823	261841	8	0	-1	1.2	2067		1
1	47	1	1	0	D	A	262859	262874	264280	265306	267324	8	0	1	1.4	1405	1	
1	48	1	1	1	A	D	268342	268357	269144	270172	272190	8	0	0	1.4	786	0	
1	49	2	0	1	C	H	273208	273223	275264	276289	278306	7	1	0	1.4	2040		1
1	50	2	1	0	H	C	279324	279339	280304	281338	283356	8	0	-1	1.2	964		1
1	51	1	1	0	D	A	284373	284389	286624	287654	289672	8	0	1	1.4	2235	1	
1	52	1	0	1	A	D	290690	290705	291488	292521	294538	8	0	1	1.6	782	0	
1	53	2	1	1	C	H	295556	295571	296792	297820	299838	8	0	0	1.6	1220		0
1	54	2	1	1	C	H	300857	300871	302000	303037	305054	8	0	0	1.6	1129		0
1	55	1	1	0	D	A	306072	306087	306832	307852	309870	8	0	1	1.8	744	1	
1	56	2	1	0	H	C	310888	310903	312192	313219	315236	8	0	-1	1.6	1288		1
1	57	2	0	1	C	H	316254	316269	317792	318819	320836	8	0	-1	1.4	1522		0
1	58	1	0	0	D	A	321854	321869	322384	323418	325435	8	0	0	1.4	515	1	
1	59	1	1	1	A	D	326453	326469	327504	328534	330552	8	0	0	1.4	1035	0	
1	60	2	0	0	H	C	331569	331585	332936	333968	335984	8	0	0	1.4	1351		1
2	1	1	1	0	X	K	340669	340684	349048	350082	352100	8	0	1	1.2	8363	1	
2	2	2	1	1	N	P	353119	353133	354624	355647	357666	7	1	-1	1	1490		1
2	3	2	1	0	P	N	358684	358699	362680	363714	365732	8	0	-1	0.8	3980		1
2	4	1	0	1	K	X	366750	366765	368520	369547	371565	7	1	0	0.8	1754	1	
2	5	1	1	1	K	X	372584	372598	373584	374614	376631	8	0	0	0.8	985	0	
2	6	2	1	0	P	N	377649	377664	378728	379764	381781	7	1	0	0.8	1063		0
2	7	2	1	1	N	P	382798	382814	383856	384880	386897	8	0	0	0.8	1042		0
2	8	1	1	0	X	K	387915	387930	390504	391528	393546	8	0	1	1	2573	1	
2	9	2	0	1	N	P	394564	394579	396224	397244	399262	8	0	-1	0.8	1644		0
2	10	1	1	1	K	X	400280	400296	401840	402861	404879	8	0	0	0.8	1544	0	
2	11	2	1	0	P	N	405896	405912	406784	407811	409828	7	1	0	0.8	872		0
2	12	1	0	0	X	K	410846	410861	411600	412627	414644	8	0	0	0.8	738	1	
2	13	1	1	1	K	X	415662	415678	416416	417444	419461	8	0	0	0.8	738	0	
2	14	2	0	0	P	N	420478	420494	421992	423026	425044	8	0	0	0.8	1498		1
2	15	2	1	1	N	P	426061	426077	427336	428358	430376	7	1	-1	0.6	1259		1
2	16	1	1	0	X	K	431394	431410	432216	433241	435259	8	0	1	0.8	806	1	
2	17	2	0	1	N	P	436277	436292	437648	438674	440692	8	0	-1	0.6	1355		0
2	18	1	1	1	K	X	441710	441725	442688	443724	445742	7	1	1	0.8	962	1	
2	19	2	1	0	P	N	446759	446775	447456	448492	450508	8	0	-1	0.6	680		1
2	20	1	1	1	K	X	451526	451541	452176	453207	455224	7	1	1	0.8	634	1	
2	21	2	1	0	P	N	456242	456257	457720	458756	460774	7	1	0	0.8	1462		0
2	22	1	1	0	X	K	461792	461807	463080	464105	466123	8	0	1	1	1272	1	
2	23	2	0	1	N	P	467141	467156	468504	469538	471556	8	0	-1	0.8	1347		0
2	24	2	1	1	N	P	472575	472589	473688	474722	476739	7	1	-1	0.6	1098		1
2	25	1	0	0	X	K	477757	477772	478816	479838	481855	8	0	0	0.6	1043	1	
2	26	1	1	1	K	X	482873	482888	484504	485538	487555	7	1	1	0.8	1615	1	
2	27	2	1	0	P	N	488573	488588	489504	490537	492554	7	1	0	0.8	915		0
2	28	1	1	0	X	K	493572	493588	494152	495186	497204	8	0	1	1	564	1	
2	29	2	1	1	N	P	498222	498237	498856	499886	501904	8	0	0	1	618		0
2	30	1	0	1	K	X	502921	502937	503680	504703	506720	7	1	0	1	743	1	
2	31	2	1	0	P	N	507738	507753	508288	509319	511336	8	0	-1	0.8	534		1
2	32	2	0	0	P	N	512355	512369	513032	514069	516086	7	1	-1	0.6	662		0
2	33	1	1	1	K	X	517103	517119	517520	518551	520569	8	0	0	0.6	400	0	
2	34	1	0	0	X	K	521586	521602	522256	523285	525302	8	0	0	0.6	653	1	
2	35	2	1	1	N	P	526320	526335	527728	528750	530768	7	1	-1	0.4	1393		1
2	36	1	1	1	K	X	531786	531801	532760	533783	535801	8	0	0	0.4	958	0	
2	37	2	0	0	P	N	536818	536834	537504	538533	540550	7	1	-1	0.2	669		0
2	38	1	1	0	X	K	541568	541583	542240	543266	545283	8	0	1	0.4	656	1	
2	39	2	1	1	N	P	546301	546316	548712	549748	551766	8	0	0	0.4	2395		0
2	40	1	1	0	X	K	552784	552799	553272	554298	556316	8	0	1	0.6	472	1	
2	41	1	0	1	K	X	557333	557349	559336	560366	562382	8	0	1	0.8	1987	0	
2	42	2	1	0	P	N	563400	563415	564120	565147	567165	8	0	-1	0.6	704		1
2	43	1	1	0	X	K	568183	568198	568744	569780	571798	8	0	1	0.8	545	1	
2	44	2	0	1	N	P	572815	572831	574264	575296	577314	7	1	0	0.8	1433		1
2	45	2	1	1	N	P	578333	578347	578896	579930	581947	8	0	0	0.8	548		0
2	46	1	1	0	X	K	582965	582980	583696	584728	586746	8	0	1	1	715	1	
2	47	2	1	0	P	N	587764	587779	588784	589810	591829	8	0	-1	0.8	1004		1
2	48	2	1	1	N	P	592847	592862	594336	595362	597379	7	1	-1	0.6	1473		1
2	49	1	0	1	K	X	598397	598412	600032	601061	603078	7	1	0	0.6	1619	1	
2	50	1	1	0	X	K	604096	604111	604768	605794	607811	8	0	1	0.8	656	1	
2	51	2	1	0	P	N	608829	608844	610048	611076	613094	8	0	-1	0.6	1203		1
2	52	2	0	1	N	P	614112	614127	614880	615910	617927	7	1	0	0.6	752		1
2	53	1	1	1	K	X	618945	618960	620824	621859	623877	7	1	1	0.8	1863	1	
2	54	1	1	1	K	X	624896	624910	626120	627142	629159	7	1	1	1	1210	1	
2	55	2	1	0	P	N	630177	630193	631928	632958	634976	7	1	0	1	1735		0
2	56	1	1	0	X	K	635993	636009	636792	637823	639842	8	0	1	1.2	783	1	
2	57	1	0	1	K	X	640860	640875	641976	643007	645025	7	1	0	1.2	1100	1	
2	58	2	0	0	P	N	646042	646058	647336	648356	650374	7	1	-1	1	1277		0
2	59	2	1	1	N	P	651392	651407	652712	653739	655757	7	1	-1	0.8	1304		1
2	60	1	0	0	X	K	656775	656790	657672	658705	660723	8	0	0	0.8	881	1	
3	1	2	1	0	I	F	663391	663406	665984	667005	669023	8	0	-1	0.8	2577		1
3	2	1	1	1	E	G	670042	670056	671216	672237	674256	7	1	1	1	1160	1	
3	3	1	1	0	G	E	675273	675289	676568	677604	679622	8	0	1	1.2	1279	1	
3	4	2	0	1	F	I	680640	680655	681808	682837	684855	7	1	0	1.2	1152		1
3	5	2	1	1	F	I	685874	685888	686656	687687	689704	8	0	0	1.2	768		0
3	6	1	1	0	G	E	690722	690737	691912	692936	694954	8	0	1	1.4	1174	1	
3	7	1	1	1	E	G	695972	695987	696968	698004	700020	7	1	1	1.6	980	1	
3	8	2	1	0	I	F	701038	701053	702097	703118	705136	7	1	0	1.6	1043		0
3	9	1	0	1	E	G	706154	706169	706968	708002	710019	7	1	0	1.6	798	1	
3	10	2	1	1	F	I	711037	711052	711840	712868	714885	8	0	0	1.6	787		0
3	11	1	1	0	G	E	715903	715919	716784	717817	719835	8	0	1	1.8	865	1	
3	12	2	0	0	I	F	720853	720868	722296	723317	725335	7	1	-1	1.6	1427		0
3	13	2	1	1	F	I	726352	726368	727296	728317	730334	7	1	-1	1.4	928		1
3	14	1	0	0	G	E	731352	731367	732080	733116	735134	8	0	0	1.4	712	1	
3	15	1	1	1	E	G	736151	736167	736848	737882	739900	7	1	1	1.6	681	1	
3	16	2	1	0	I	F	740918	740933	741928	742950	744966	7	1	0	1.6	994		0
3	17	1	0	1	E	G	745984	745999	746688	747715	749732	7	1	0	1.6	688	1	
3	18	2	1	1	F	I	750750	750766	751648	752682	754699	8	0	0	1.6	882		0
3	19	1	1	0	G	E	755716	755732	756408	757430	759448	8	0	1	1.8	676	1	
3	20	2	1	1	F	I	760466	760481	761432	762463	764481	8	0	0	1.8	950		0
3	21	1	1	0	G	E	765499	765514	766008	767029	769047	8	0	1	2	493	1	
3	22	2	1	0	I	F	770065	770081	771592	772612	774630	7	1	0	2	1511		0
3	23	1	0	1	E	G	775648	775663	776544	777579	779597	7	1	0	2	880	1	
3	24	1	1	1	E	G	780616	780630	781256	782278	784296	7	1	1	2.2	626	1	
3	25	2	0	0	I	F	785314	785329	787056	788077	790096	7	1	-1	2	1726		0
3	26	2	1	1	F	I	791114	791129	792056	793077	795095	8	0	0	2	927		0
3	27	1	1	0	G	E	796113	796128	796776	797810	799828	8	0	1	2.2	647	1	
3	28	2	1	0	I	F	800846	800861	801776	802809	804828	8	0	-1	2	914		1
3	29	1	1	1	E	G	805845	805861	806840	807859	809877	7	1	1	2.2	978	1	
3	30	2	0	1	F	I	810895	810910	812432	813458	815477	8	0	-1	2	1521		0
3	31	1	1	0	G	E	816495	816510	817824	818858	820876	8	0	1	2.2	1314	1	
3	32	1	0	0	G	E	821895	821909	822512	823542	825559	8	0	0	2.2	602	1	
3	33	2	1	1	F	I	826577	826592	827752	828775	830792	8	0	0	2.2	1159		0
3	34	2	0	0	I	F	831810	831825	833592	834623	836642	7	1	-1	2	1766		0
3	35	1	1	1	E	G	837659	837675	838568	839590	841608	7	1	1	2.2	893	1	
3	36	2	1	1	F	I	842626	842641	843664	844690	846708	8	0	0	2.2	1022		0
3	37	1	0	0	G	E	847725	847741	848480	849507	851524	8	0	0	2.2	739	1	
3	38	2	1	0	I	F	852541	852557	853616	854640	856657	7	1	0	2.2	1059		0
3	39	1	1	1	E	G	857674	857690	858720	859755	861773	7	1	1	2.4	1030	1	
3	40	2	1	0	I	F	862791	862806	864056	865088	867106	8	0	-1	2.2	1249		1
3	41	2	0	1	F	I	868123	868139	869584	870604	872622	8	0	-1	2	1445		0
3	42	1	1	0	G	E	873640	873655	874384	875403	877422	8	0	1	2.2	728	1	
3	43	2	1	0	I	F	878439	878455	881768	882802	884821	8	0	-1	2	3313		1
3	44	1	0	1	E	G	885839	885854	886752	887786	889804	7	1	0	2	897	1	
3	45	1	1	1	E	G	890823	890837	891736	892769	894787	7	1	1	2.2	898	1	
3	46	2	1	0	I	F	895804	895820	897200	898235	900253	7	1	0	2.2	1379		0
3	47	1	1	0	G	E	901271	901286	901952	902985	905003	8	0	1	2.4	665	1	
3	48	1	1	1	E	G	906020	906036	906816	907851	909869	7	1	1	2.6	780	1	
3	49	2	0	1	F	I	910887	910902	912192	913217	915235	8	0	-1	2.4	1290		0
3	50	2	1	0	I	F	916253	916268	917232	918267	920285	7	1	0	2.4	963		0
3	51	1	1	0	G	E	921302	921317	922056	923083	925101	8	0	1	2.6	738	1	
3	52	1	0	1	E	G	926119	926134	926944	927966	929984	7	1	0	2.6	809	1	
3	53	2	1	1	F	I	931001	931017	932232	933266	935283	8	0	0	2.6	1215		0
3	54	2	1	1	F	I	936302	936316	938856	939882	941899	8	0	0	2.6	2539		0
3	55	1	1	0	G	E	942917	942932	944144	945165	947182	8	0	1	2.8	1211	1	
3	56	2	1	0	I	F	948200	948215	949096	950131	952148	8	0	-1	2.6	880		1
3	57	2	0	1	F	I	953166	953182	955848	956882	958898	7	1	0	2.6	2666		1
3	58	1	0	0	G	E	959916	959931	960768	961797	963814	8	0	0	2.6	836	1	
3	59	1	1	1	E	G	964832	964847	966008	967029	969047	7	1	1	2.8	1160	1	
3	60	2	0	0	I	F	970065	970080	971256	972279	974297	7	1	-1	2.6	1175		0
Total money won 4.8
