Participant p035visit number -1
Stimuli number 1
Scanner Trigger at time 267000
run_number	trial_number	trial_type	outcome_type	side_type	left_stim	right_stim	stim_onset	choice_onset	interval_onset	outcome_onset	ITI_onset	button_pressed	side_chosen	trial_outcome	total	reaction_time	win_out	loss_out
1	1	2	1	0	H	C	3	10	696	1729	3743	7	1	0	1	686		0
1	2	1	1	1	A	D	4762	4776	5560	6592	8609	8	0	0	1	784	0	
1	3	1	1	0	D	A	9627	9642	10209	11242	13259	7	1	0	1	566	0	
1	4	2	0	1	C	H	14277	14292	15057	16097	18108	8	0	-1	0.8	764		0
1	5	2	1	1	C	H	19128	19142	19824	20858	22875	7	1	-1	0.6	682		1
1	6	1	1	0	D	A	23894	23908	24696	25723	27741	8	0	1	0.8	788	1	
1	7	1	1	1	A	D	28759	28774	29304	30339	32357	7	1	1	1	530	1	
1	8	2	1	0	H	C	33375	33390	34152	35171	37190	8	0	-1	0.8	762		1
1	9	1	0	1	A	D	38208	38223	38672	39705	41723	7	1	0	0.8	449	1	
1	10	2	1	1	C	H	42741	42756	43896	44922	46939	8	0	0	0.8	1140		0
1	11	1	1	0	D	A	47957	47972	48472	49503	51522	8	0	1	1	500	1	
1	12	2	0	0	H	C	52540	52555	53592	54619	56638	7	1	-1	0.8	1037		0
1	13	2	1	1	C	H	57656	57672	58816	59837	61855	7	1	-1	0.6	1144		1
1	14	1	0	0	D	A	62872	62888	63456	64486	66504	8	0	0	0.6	568	1	
1	15	1	1	1	A	D	67522	67537	67953	68986	71004	7	1	1	0.8	415	1	
1	16	2	1	0	H	C	72021	72037	73064	74085	76103	7	1	0	0.8	1027		0
1	17	1	0	1	A	D	77121	77137	77576	78603	80620	7	1	0	0.8	439	1	
1	18	2	1	1	C	H	81638	81653	82256	83285	85303	7	1	-1	0.6	603		1
1	19	1	1	0	D	A	86320	86336	86720	87751	89769	8	0	1	0.8	384	1	
1	20	2	1	1	C	H	90787	90802	91256	92284	94302	8	0	0	0.8	454		0
1	21	1	1	0	D	A	95320	95335	95760	96783	98802	8	0	1	1	425	1	
1	22	2	1	0	H	C	99819	99835	100432	101466	103484	7	1	0	1	597		0
1	23	1	0	1	A	D	104502	104517	105016	106049	108067	8	0	1	1.2	498	0	
1	24	1	1	1	A	D	109087	109100	109696	110733	112750	7	1	1	1.4	595	1	
1	25	2	0	0	H	C	113768	113783	114656	115681	117700	7	1	-1	1.2	872		0
1	26	2	1	1	C	H	118718	118733	120168	121197	123216	7	1	-1	1	1435		1
1	27	1	1	0	D	A	124234	124249	124760	125780	127799	8	0	1	1.2	511	1	
1	28	2	1	0	H	C	128817	128832	129288	130313	132332	7	1	0	1.2	456		0
1	29	1	1	1	A	D	133350	133365	134040	135064	137082	7	1	1	1.4	675	1	
1	30	2	0	1	C	H	138099	138115	138792	139813	141831	8	0	-1	1.2	677		0
1	31	1	1	0	D	A	142849	142864	143304	144330	146347	8	0	1	1.4	440	1	
1	32	1	0	0	D	A	147366	147380	148480	149514	151530	8	0	0	1.4	1099	1	
1	33	2	1	1	C	H	152548	152563	153289	154313	156330	8	0	0	1.4	725		0
1	34	2	0	0	H	C	157348	157363	158424	159445	161463	7	1	-1	1.2	1061		0
1	35	1	1	1	A	D	162481	162496	162944	163978	165996	8	0	0	1.2	448	0	
1	36	2	1	1	C	H	167013	167029	167880	168909	170929	7	1	-1	1	851		1
1	37	1	0	0	D	A	171946	171962	172808	173844	175862	8	0	0	1	846	1	
1	38	2	1	0	H	C	176879	176895	177368	178392	180411	8	0	-1	0.8	473		1
1	39	1	1	1	A	D	181429	181444	182144	183175	185194	7	1	1	1	700	1	
1	40	2	1	0	H	C	186212	186227	186776	187809	189827	7	1	0	1	549		0
1	41	2	0	1	C	H	190845	190860	191816	192841	194860	8	0	-1	0.8	956		0
1	42	1	1	0	D	A	195878	195893	196320	197341	199359	8	0	1	1	427	1	
1	43	2	1	0	H	C	200377	200393	201080	202107	204126	7	1	0	1	687		0
1	44	1	0	1	A	D	205143	205159	205584	206608	208625	7	1	0	1	425	1	
1	45	1	1	1	A	D	209645	209658	210024	211056	213075	7	1	1	1.2	365	1	
1	46	2	1	0	H	C	214093	214108	214936	215956	217975	7	1	0	1.2	828		0
1	47	1	1	0	D	A	218992	219008	219760	220790	222807	8	0	1	1.4	752	1	
1	48	1	1	1	A	D	223825	223841	224408	225440	227457	7	1	1	1.6	567	1	
1	49	2	0	1	C	H	228475	228490	229120	230155	232173	8	0	-1	1.4	630		0
1	50	2	1	0	H	C	233191	233206	234256	235289	237306	7	1	0	1.4	1049		0
1	51	1	1	0	D	A	238324	238339	238712	239738	241756	8	0	1	1.6	373	1	
1	52	1	0	1	A	D	242774	242789	243240	244271	246289	7	1	0	1.6	451	1	
1	53	2	1	1	C	H	247306	247322	248104	249138	251155	8	0	0	1.6	782		0
1	54	2	1	1	C	H	252174	252188	253072	254105	256121	8	0	0	1.6	884		0
1	55	1	1	0	D	A	257139	257154	257712	258737	260754	8	0	1	1.8	557	1	
1	56	2	1	0	H	C	261772	261787	262376	263402	265420	8	0	-1	1.6	589		1
1	57	2	0	1	C	H	266438	266454	267056	268086	270104	8	0	-1	1.4	602		0
1	58	1	0	0	D	A	271121	271136	271488	272520	274536	8	0	0	1.4	351	1	
1	59	1	1	1	A	D	275554	275569	276112	277135	279153	7	1	1	1.6	542	1	
1	60	2	0	0	H	C	280170	280186	280912	281934	283952	7	1	-1	1.4	726		0
2	1	1	1	0	X	K	290403	290418	292168	293199	295218	7	1	0	1	1750	0	
2	2	2	1	1	N	P	296236	296251	297408	298433	300451	8	0	0	1	1157		0
2	3	2	1	0	P	N	301468	301484	303032	304064	306084	8	0	-1	0.8	1548		1
2	4	1	0	1	K	X	307101	307117	308816	309849	311866	7	1	0	0.8	1699	1	
2	5	1	1	1	K	X	312886	312899	313752	314782	316799	8	0	0	0.8	852	0	
2	6	2	1	0	P	N	317817	317832	318760	319781	321799	8	0	-1	0.6	927		1
2	7	2	1	1	N	P	322817	322832	323528	324564	326582	8	0	0	0.6	696		0
2	8	1	1	0	X	K	327600	327615	328864	329898	331915	7	1	0	0.6	1249	0	
2	9	2	0	1	N	P	332932	332948	334472	335497	337514	8	0	-1	0.4	1524		0
2	10	1	1	1	K	X	338532	338547	339960	340996	343014	7	1	1	0.6	1412	1	
2	11	2	1	0	P	N	344032	344047	345544	346579	348597	8	0	-1	0.4	1497		1
2	12	1	0	0	X	K	349614	349629	350576	351611	353630	8	0	0	0.4	947	1	
2	13	1	1	1	K	X	354647	354663	356192	357228	359246	7	1	1	0.6	1529	1	
2	14	2	0	0	P	N	360263	360279	362224	363244	365262	7	1	-1	0.4	1945		0
2	15	2	1	1	N	P	366279	366295	367232	368261	370278	7	1	-1	0.2	937		1
2	16	1	1	0	X	K	371296	371311	371840	372876	374894	8	0	1	0.4	529	1	
2	17	2	0	1	N	P	375912	375927	376568	377595	379611	7	1	0	0.4	640		1
2	18	1	1	1	K	X	380630	380644	381304	382326	384344	7	1	1	0.6	660	1	
2	19	2	1	0	P	N	385361	385377	385952	386975	388993	8	0	-1	0.4	575		1
2	20	1	1	1	K	X	390011	390026	390472	391510	393526	7	1	1	0.6	446	1	
2	21	2	1	0	P	N	394544	394559	395224	396257	398276	8	0	-1	0.4	665		1
2	22	1	1	0	X	K	399293	399309	399936	400958	402975	8	0	1	0.6	627	1	
2	23	2	0	1	N	P	403993	404008	404488	405524	407542	8	0	-1	0.4	479		0
2	24	2	1	1	N	P	408561	408575	409712	410740	412758	8	0	0	0.4	1137		0
2	25	1	0	0	X	K	413775	413791	414392	415423	417441	8	0	0	0.4	601	1	
2	26	1	1	1	K	X	418458	418474	419224	420256	422274	7	1	1	0.6	750	1	
2	27	2	1	0	P	N	423291	423307	424008	425038	427056	7	1	0	0.6	701		0
2	28	1	1	0	X	K	428074	428090	428528	429555	431573	8	0	1	0.8	438	1	
2	29	2	1	1	N	P	432590	432606	433784	434804	436822	8	0	0	0.8	1178		0
2	30	1	0	1	K	X	437840	437855	439384	440405	442422	7	1	0	0.8	1528	1	
2	31	2	1	0	P	N	443440	443455	445144	446171	448188	7	1	0	0.8	1689		0
2	32	2	0	0	P	N	449207	449221	449952	450986	453004	7	1	-1	0.6	731		0
2	33	1	1	1	K	X	454022	454037	454816	455836	457854	7	1	1	0.8	778	1	
2	34	1	0	0	X	K	458872	458887	459808	460838	462853	8	0	0	0.8	921	1	
2	35	2	1	1	N	P	463871	463886	465464	466485	468503	7	1	-1	0.6	1577		1
2	36	1	1	1	K	X	469521	469536	470456	471484	473502	7	1	1	0.8	920	1	
2	37	2	0	0	P	N	474520	474536	476104	477134	479152	8	0	0	0.8	1568		1
2	38	1	1	0	X	K	480170	480185	480952	481983	484002	8	0	1	1	767	1	
2	39	2	1	1	N	P	485019	485035	486248	487282	489301	7	1	-1	0.8	1213		1
2	40	1	1	0	X	K	490319	490334	491304	492332	494351	8	0	1	1	969	1	
2	41	1	0	1	K	X	495368	495384	496272	497299	499317	7	1	0	1	888	1	
2	42	2	1	0	P	N	500335	500350	500816	501849	503867	7	1	0	1	466		0
2	43	1	1	0	X	K	504884	504900	505584	506614	508633	8	0	1	1.2	684	1	
2	44	2	0	1	N	P	509651	509666	510152	511180	513199	8	0	-1	1	486		0
2	45	2	1	1	N	P	514218	514232	515464	516497	518515	8	0	0	1	1232		0
2	46	1	1	0	X	K	519533	519548	519944	520979	522998	8	0	1	1.2	395	1	
2	47	2	1	0	P	N	524016	524031	524752	525781	527798	7	1	0	1.2	720		0
2	48	2	1	1	N	P	528816	528831	529200	530230	532247	8	0	0	1.2	369		0
2	49	1	0	1	K	X	533265	533280	533712	534746	536764	7	1	0	1.2	431	1	
2	50	1	1	0	X	K	537781	537797	538376	539412	541430	8	0	1	1.4	579	1	
2	51	2	1	0	P	N	542448	542463	543024	544045	546063	7	1	0	1.4	561		0
2	52	2	0	1	N	P	547081	547096	547784	548811	550829	8	0	-1	1.2	688		0
2	53	1	1	1	K	X	551847	551862	552408	553444	555462	7	1	1	1.4	545	1	
2	54	1	1	1	K	X	556481	556495	557120	558144	560162	7	1	1	1.6	624	1	
2	55	2	1	0	P	N	561179	561195	563432	564460	566478	7	1	0	1.6	2237		0
2	56	1	1	0	X	K	567495	567511	570248	571276	573294	8	0	1	1.8	2737	1	
2	57	1	0	1	K	X	574312	574327	575048	576075	578093	7	1	0	1.8	721	1	
2	58	2	0	0	P	N	579111	579127	580480	581508	583526	7	1	-1	1.6	1353		0
2	59	2	1	1	N	P	584544	584559	585208	586241	588259	8	0	0	1.6	648		0
2	60	1	0	0	X	K	589277	589292	590912	591941	593959	8	0	0	1.6	1619	1	
3	1	2	1	0	I	F	599193	599208	601240	602273	604291	8	0	-1	0.8	2031		1
3	2	1	1	1	E	G	605310	605324	606600	607623	609641	8	0	0	0.8	1275	0	
3	3	1	1	0	G	E	610658	610674	612296	613321	615340	8	0	1	1	1622	1	
3	4	2	0	1	F	I	616358	616373	617880	618904	620923	8	0	-1	0.8	1506		0
3	5	2	1	1	F	I	621942	621956	624064	625089	627106	7	1	-1	0.6	2107		1
3	6	1	1	0	G	E	628124	628139	628568	629604	631622	8	0	1	0.8	429	1	
3	7	1	1	1	E	G	632640	632655	633432	634454	636472	7	1	1	1	776	1	
3	8	2	1	0	I	F	637489	637505	639048	640070	642088	7	1	0	1	1543		0
3	9	1	0	1	E	G	643106	643121	643816	644837	646854	7	1	0	1	695	1	
3	10	2	1	1	F	I	647872	647887	648472	649503	651520	8	0	0	1	584		0
3	11	1	1	0	G	E	652538	652554	653120	654151	656170	8	0	1	1.2	566	1	
3	12	2	0	0	I	F	657188	657203	657776	658800	660820	7	1	-1	1	572		0
3	13	2	1	1	F	I	661837	661853	662744	663768	665786	8	0	0	1	891		0
3	14	1	0	0	G	E	666804	666819	667304	668335	670352	8	0	0	1	485	1	
3	15	1	1	1	E	G	671370	671385	671920	672949	674968	7	1	1	1.2	534	1	
3	16	2	1	0	I	F	675986	676001	676912	677934	679951	7	1	0	1.2	910		0
3	17	1	0	1	E	G	680969	680984	681704	682736	684751	7	1	0	1.2	719	1	
3	18	2	1	1	F	I	685769	685784	686664	687700	689717	8	0	0	1.2	880		0
3	19	1	1	0	G	E	690735	690750	691464	692499	694517	8	0	1	1.4	713	1	
3	20	2	1	1	F	I	695534	695550	696568	697598	699616	8	0	0	1.4	1018		0
3	21	1	1	0	G	E	700634	700649	701208	702231	704249	8	0	1	1.6	558	1	
3	22	2	1	0	I	F	705267	705282	706552	707581	709599	7	1	0	1.6	1269		0
3	23	1	0	1	E	G	710616	710632	711152	712181	714198	7	1	0	1.6	520	1	
3	24	1	1	1	E	G	715218	715231	715880	716913	718931	7	1	1	1.8	648	1	
3	25	2	0	0	I	F	719949	719964	720848	721879	723898	7	1	-1	1.6	883		0
3	26	2	1	1	F	I	724915	724931	725896	726929	728947	8	0	0	1.6	965		0
3	27	1	1	0	G	E	729965	729980	730640	731663	733680	8	0	1	1.8	659	1	
3	28	2	1	0	I	F	734698	734713	735416	736445	738463	7	1	0	1.8	702		0
3	29	1	1	1	E	G	739481	739496	740280	741311	743329	7	1	1	2	784	1	
3	30	2	0	1	F	I	744347	744362	744832	745859	747879	8	0	-1	1.8	469		0
3	31	1	1	0	G	E	748896	748912	749512	750543	752562	8	0	1	2	600	1	
3	32	1	0	0	G	E	753581	753595	754104	755126	757145	8	0	0	2	509	1	
3	33	2	1	1	F	I	758163	758178	758824	759860	761878	8	0	0	2	646		0
3	34	2	0	0	I	F	762895	762911	763688	764708	766727	7	1	-1	1.8	777		0
3	35	1	1	1	E	G	767745	767760	768472	769491	771510	7	1	1	2	711	1	
3	36	2	1	1	F	I	772528	772543	773008	774042	776060	8	0	0	2	464		0
3	37	1	0	0	G	E	777077	777093	777672	778711	780726	8	0	0	2	579	1	
3	38	2	1	0	I	F	781744	781759	782160	783192	785209	7	1	0	2	400		0
3	39	1	1	1	E	G	786227	786242	786768	787790	789809	7	1	1	2.2	526	1	
3	40	2	1	0	I	F	790826	790842	791224	792257	794275	7	1	0	2.2	382		0
3	41	2	0	1	F	I	795292	795308	796160	797189	799208	8	0	-1	2	852		0
3	42	1	1	0	G	E	800225	800241	801104	802139	804157	8	0	1	2.2	863	1	
3	43	2	1	0	I	F	805175	805190	805856	806889	808907	7	1	0	2.2	665		0
3	44	1	0	1	E	G	809925	809940	810440	811473	813490	7	1	0	2.2	500	1	
3	45	1	1	1	E	G	814511	814523	814992	816022	818039	7	1	1	2.4	469	1	
3	46	2	1	0	I	F	819057	819072	820848	821871	823889	7	1	0	2.4	1775		0
3	47	1	1	0	G	E	824907	824922	825665	826688	828705	8	0	1	2.6	742	1	
3	48	1	1	1	E	G	829723	829738	830408	831438	833455	7	1	1	2.8	669	1	
3	49	2	0	1	F	I	834473	834488	835248	836270	838288	8	0	-1	2.6	760		0
3	50	2	1	0	I	F	839305	839321	839912	840937	842954	7	1	0	2.6	591		0
3	51	1	1	0	G	E	843972	843987	844640	845669	847687	8	0	1	2.8	652	1	
3	52	1	0	1	E	G	848705	848720	849240	850269	852286	7	1	0	2.8	520	1	
3	53	2	1	1	F	I	853304	853319	853920	854953	856969	8	0	0	2.8	600		0
3	54	2	1	1	F	I	857989	858002	858912	859935	861952	8	0	0	2.8	909		0
3	55	1	1	0	G	E	862970	862985	863880	864900	866919	8	0	1	3	894	1	
3	56	2	1	0	I	F	867936	867952	868448	869483	871501	7	1	0	3	496		0
3	57	2	0	1	F	I	872519	872535	873272	874298	876318	8	0	-1	2.8	737		0
3	58	1	0	0	G	E	877335	877351	878024	879049	881067	8	0	0	2.8	673	1	
3	59	1	1	1	E	G	882085	882100	882816	883848	885867	7	1	1	3	715	1	
3	60	2	0	0	I	F	886885	886900	887536	888564	890583	7	1	-1	2.8	635		0
Total money won 5.8
