Participant P041tv2visit number -1
Stimuli number 1
Scanner Trigger at time 60000
run_number	trial_number	trial_type	outcome_type	side_type	left_stim	right_stim	stim_onset	choice_onset	interval_onset	outcome_onset	ITI_onset	button_pressed	side_chosen	trial_outcome	total	reaction_time	win_out	loss_out
1	1	1	1	0	D	A	2	11	13895	14946	16960	7	1	0	1	13883	0	
1	2	2	1	1	H	C	17979	17993	20855	21877	23893	8	0	0	1	2862		0
1	3	2	1	0	C	H	24911	24926	27167	28192	30209	7	1	0	1	2241		0
1	4	1	0	1	A	D	31226	31242	35567	36591	38608	7	1	0	1	4325	1	
1	5	1	1	1	A	D	39627	39641	42935	43956	45974	8	0	0	1	3293	0	
1	6	2	1	0	C	H	46993	47007	48183	49213	51223	8	0	-1	0.8	1175		1
1	7	2	1	1	H	C	52241	52257	54431	55455	57473	8	0	0	0.8	2174		0
1	8	1	1	0	D	A	58491	58506	59655	60688	62706	7	1	0	0.8	1148	0	
1	9	2	0	1	H	C	63723	63739	65215	66238	68255	8	0	-1	0.6	1475		0
1	10	1	1	1	A	D	69273	69288	71095	72120	74138	8	0	0	0.6	1806	0	
1	11	2	1	0	C	H	75156	75171	78135	79170	81188	8	0	-1	0.4	2963		1
1	12	1	0	0	D	A	82205	82221	83167	84203	86220	7	1	1	0.6	946	0	
1	13	1	1	1	A	D	87238	87254	88143	89169	91187	8	0	0	0.6	889	0	
1	14	2	0	0	C	H	92204	92220	94103	95134	97153	7	1	-1	0.4	1883		0
1	15	2	1	1	H	C	98171	98186	102087	103117	105135	8	0	0	0.4	3900		0
1	16	1	1	0	D	A	106153	106169	110319	111351	113368	7	1	0	0.4	4150	0	
1	17	2	0	1	H	C	114386	114401	115695	116717	118734	8	0	-1	0.2	1293		0
1	18	1	1	1	A	D	119752	119767	120695	121716	123734	7	1	1	0.4	927	1	
1	19	2	1	0	C	H	124752	124767	126023	127049	129067	7	1	0	0.4	1255		0
1	20	1	1	1	A	D	130085	130100	131231	132266	134283	7	1	1	0.6	1130	1	
1	21	2	1	0	C	H	135300	135316	136479	137515	139533	7	1	0	0.6	1162		0
1	22	1	1	0	D	A	140550	140566	141287	142315	144332	8	0	1	0.8	721	1	
1	23	2	0	1	H	C	145350	145365	146863	147897	149915	8	0	-1	0.6	1497		0
1	24	2	1	1	H	C	150935	150948	163127	164162	166180	8	0	0	0.6	12178		0
1	25	1	0	0	D	A	167198	167213	168095	169129	171146	8	0	0	0.6	881	1	
1	26	1	1	1	A	D	172164	172179	173159	174195	176213	7	1	1	0.8	979	1	
1	27	2	1	0	C	H	177230	177246	178647	179678	181696	7	1	0	0.8	1401		0
1	28	1	1	0	D	A	182713	182729	183583	184610	186628	8	0	1	1	854	1	
1	29	2	1	1	H	C	187646	187661	189935	190960	192978	8	0	0	1	2273		0
1	30	1	0	1	A	D	193996	194011	194823	195843	197861	7	1	0	1	811	1	
1	31	2	1	0	C	H	198878	198894	203007	204043	206060	7	1	0	1	4112		0
1	32	2	0	0	C	H	207079	207093	208223	209259	211276	8	0	0	1	1129		1
1	33	1	1	1	A	D	212294	212309	213095	214124	216143	7	1	1	1.2	785	1	
1	34	1	0	0	D	A	217160	217176	218383	219408	221425	7	1	1	1.4	1207	0	
1	35	2	1	1	H	C	222443	222458	225935	226957	228975	7	1	-1	1.2	3476		1
1	36	1	1	1	A	D	229992	230008	231399	232423	234441	7	1	1	1.4	1390	1	
1	37	2	0	0	C	H	235459	235474	237063	238089	240107	8	0	0	1.4	1588		1
1	38	1	1	0	D	A	241125	241140	241951	242972	244990	8	0	1	1.6	810	1	
1	39	2	1	1	H	C	246008	246023	253975	255004	257022	8	0	0	1.6	7951		0
1	40	1	1	0	D	A	258040	258055	259503	260538	262555	8	0	1	1.8	1447	1	
1	41	1	0	1	A	D	263573	263588	265711	266737	268755	7	1	0	1.8	2122	1	
1	42	2	1	0	C	H	269772	269788	284103	285135	287153	7	1	0	1.8	14314		0
1	43	1	1	0	D	A	288171	288186	289591	290619	292636	7	1	0	1.8	1404	0	
1	44	2	0	1	H	C	293654	293669	295319	296351	298369	8	0	-1	1.6	1649		0
1	45	2	1	1	H	C	299388	299402	300087	301118	303135	7	1	-1	1.4	684		1
1	46	1	1	0	D	A	304153	304168	304887	305917	307935	8	0	1	1.6	718	1	
1	47	2	1	0	C	H	308952	308968	309823	310849	312868	8	0	-1	1.4	855		1
1	48	2	1	1	H	C	313885	313901	314679	315700	317717	8	0	0	1.4	778		0
1	49	1	0	1	A	D	318735	318750	319271	320299	322317	7	1	0	1.4	520	1	
1	50	1	1	0	D	A	323334	323350	324103	325132	327150	8	0	1	1.6	752	1	
1	51	2	1	0	C	H	328167	328183	328951	329981	331999	7	1	0	1.6	767		0
1	52	2	0	1	H	C	333017	333032	335175	336198	338215	7	1	0	1.6	2142		1
1	53	1	1	1	A	D	339233	339248	340335	341365	343382	7	1	1	1.8	1086	1	
1	54	1	1	1	A	D	344401	344415	345551	346580	348598	7	1	1	2	1135	1	
1	55	2	1	0	C	H	349616	349631	350999	352028	354047	8	0	-1	1.8	1367		1
1	56	1	1	0	D	A	355065	355080	355871	356895	358914	8	0	1	2	790	1	
1	57	1	0	1	A	D	359931	359947	360543	361578	363596	7	1	0	2	596	1	
1	58	2	0	0	C	H	364614	364630	366295	367327	369346	7	1	-1	1.8	1665		0
1	59	2	1	1	H	C	370364	370379	371671	372694	374712	8	0	0	1.8	1291		0
1	60	1	0	0	D	A	375730	375745	376447	377478	379495	8	0	0	1.8	701	1	
2	1	1	1	0	X	K	389981	389994	408911	409941	411959	7	1	0	1	18916	0	
2	2	2	1	1	P	N	412978	412992	440183	441204	443223	7	1	-1	0.8	27190		1
2	3	2	1	0	N	P	444241	444256	452495	453521	455539	7	1	0	0.8	8238		0
2	4	1	0	1	K	X	456556	456572	461639	462672	464688	7	1	0	0.8	5067	1	
2	5	1	1	1	K	X	465707	465721	469839	470870	472887	8	0	0	0.8	4117	0	
2	6	2	1	0	N	P	473905	473920	476727	477752	479770	7	1	0	0.8	2806		0
2	7	2	1	1	P	N	480787	480803	482743	483769	485786	8	0	0	0.8	1939		0
2	8	1	1	0	X	K	486804	486819	491319	492350	494369	8	0	1	1	4499	1	
2	9	2	0	1	P	N	495386	495402	496991	498017	500035	8	0	-1	0.8	1588		0
2	10	1	1	1	K	X	501052	501068	503311	504332	506351	7	1	1	1	2242	1	
2	11	2	1	0	N	P	507368	507384	508391	509415	511434	7	1	0	1	1006		0
2	12	1	0	0	X	K	512451	512467	513223	514249	516267	8	0	0	1	755	1	
2	13	1	1	1	K	X	517284	517300	518071	519097	521116	7	1	1	1.2	770	1	
2	14	2	0	0	N	P	522134	522149	523055	524080	526099	7	1	-1	1	905		0
2	15	2	1	1	P	N	527117	527132	529303	530330	532349	8	0	0	1	2170		0
2	16	1	1	0	X	K	533366	533382	534143	535163	537181	8	0	1	1.2	760	1	
2	17	2	0	1	P	N	538199	538215	539638	540662	542681	8	0	-1	1	1423		0
2	18	1	1	1	K	X	543699	543714	544511	545545	547564	7	1	1	1.2	796	1	
2	19	2	1	0	N	P	548582	548597	555279	556310	558330	8	0	-1	1	6681		1
2	20	1	1	1	K	X	559347	559363	560359	561394	563413	7	1	1	1.2	995	1	
2	21	2	1	0	N	P	564430	564446	564999	566026	568045	8	0	-1	1	552		1
2	22	1	1	0	X	K	569063	569079	569703	570729	572745	8	0	1	1.2	623	1	
2	23	2	0	1	P	N	573763	573778	574279	575310	577328	8	0	-1	1	500		0
2	24	2	1	1	P	N	578347	578361	579151	580176	582194	8	0	0	1	789		0
2	25	1	0	0	X	K	583212	583227	583911	584943	586961	8	0	0	1	683	1	
2	26	1	1	1	K	X	587978	587994	588735	589758	591777	7	1	1	1.2	740	1	
2	27	2	1	0	N	P	592794	592810	593703	594726	596743	7	1	0	1.2	892		0
2	28	1	1	0	X	K	597761	597776	598295	599325	601343	8	0	1	1.4	518	1	
2	29	2	1	1	P	N	602360	602376	603166	604191	606209	8	0	0	1.4	790		0
2	30	1	0	1	K	X	607227	607242	607943	608977	610992	7	1	0	1.4	700	1	
2	31	2	1	0	N	P	612010	612025	612767	613791	615808	7	1	0	1.4	741		0
2	32	2	0	0	N	P	616827	616841	617415	618439	620458	7	1	-1	1.2	573		0
2	33	1	1	1	K	X	621475	621491	622111	623139	625157	7	1	1	1.4	619	1	
2	34	1	0	0	X	K	626175	626190	626750	627772	629790	8	0	0	1.4	560	1	
2	35	2	1	1	P	N	630808	630823	631759	632789	634806	8	0	0	1.4	935		0
2	36	1	1	1	K	X	635824	635839	636319	637355	639373	7	1	1	1.6	479	1	
2	37	2	0	0	N	P	640390	640406	641198	642221	644239	7	1	-1	1.4	792		0
2	38	1	1	0	X	K	645257	645272	645734	646771	648788	8	0	1	1.6	462	1	
2	39	2	1	1	P	N	649806	649822	650694	651720	653738	8	0	0	1.6	872		0
2	40	1	1	0	X	K	654756	654771	655270	656303	658321	8	0	1	1.8	499	1	
2	41	1	0	1	K	X	659339	659354	659990	661020	663037	7	1	0	1.8	636	1	
2	42	2	1	0	N	P	664055	664070	664766	665803	667820	7	1	0	1.8	696		0
2	43	1	1	0	X	K	668838	668853	669446	670468	672486	8	0	1	2	593	1	
2	44	2	0	1	P	N	673504	673520	674222	675250	677269	8	0	-1	1.8	702		0
2	45	2	1	1	P	N	678289	678302	678958	679985	682002	8	0	0	1.8	656		0
2	46	1	1	0	X	K	683020	683035	683550	684583	686602	8	0	1	2	515	1	
2	47	2	1	0	N	P	687620	687635	688534	689567	691585	7	1	0	2	899		0
2	48	2	1	1	P	N	692602	692618	693358	694384	696401	8	0	0	2	740		0
2	49	1	0	1	K	X	697419	697434	698278	699300	701317	7	1	0	2	844	1	
2	50	1	1	0	X	K	702335	702350	702887	703915	705934	8	0	1	2.2	536	1	
2	51	2	1	0	N	P	706951	706967	707622	708649	710666	7	1	0	2.2	655		0
2	52	2	0	1	P	N	711684	711700	712238	713263	715283	8	0	-1	2	538		0
2	53	1	1	1	K	X	716300	716316	716894	717913	719932	7	1	1	2.2	578	1	
2	54	1	1	1	K	X	720951	720965	721462	722498	724515	7	1	1	2.4	497	1	
2	55	2	1	0	N	P	725533	725548	726534	727564	729582	7	1	0	2.4	986		0
2	56	1	1	0	X	K	730599	730615	731126	732147	734164	8	0	1	2.6	511	1	
2	57	1	0	1	K	X	735182	735198	735798	736829	738847	7	1	0	2.6	600	1	
2	58	2	0	0	N	P	739865	739880	740510	741546	743564	7	1	-1	2.4	629		0
2	59	2	1	1	P	N	744581	744597	745230	746262	748280	8	0	0	2.4	633		0
2	60	1	0	0	X	K	749298	749313	750062	751096	753113	8	0	0	2.4	749	1	
3	1	1	1	0	G	E	781478	781494	788358	789391	791410	7	1	0	1	6864	0	
3	2	2	1	1	I	F	792428	792443	800134	801156	803175	7	1	-1	0.8	7691		1
3	3	2	1	0	F	I	804193	804208	810102	811123	813141	7	1	0	0.8	5894		0
3	4	1	0	1	E	G	814159	814174	817582	818606	820624	7	1	0	0.8	3408	1	
3	5	1	1	1	E	G	821643	821657	822774	823805	825823	8	0	0	0.8	1117	0	
3	6	2	1	0	F	I	826841	826856	828334	829355	831373	7	1	0	0.8	1478		0
3	7	2	1	1	I	F	832390	832406	834638	835671	837689	8	0	0	0.8	2232		0
3	8	1	1	0	G	E	838706	838722	840278	841303	843322	8	0	1	1	1556	1	
3	9	2	0	1	I	F	844339	844355	845238	846269	848288	8	0	-1	0.8	883		0
3	10	1	1	1	E	G	849306	849321	851534	852570	854587	7	1	1	1	2213	1	
3	11	2	1	0	F	I	855605	855620	856414	857435	859454	7	1	0	1	793		0
3	12	1	0	0	G	E	860471	860487	861078	862102	864120	8	0	0	1	591	1	
3	13	1	1	1	E	G	865138	865153	866022	867051	869069	7	1	1	1.2	869	1	
3	14	2	0	0	F	I	870087	870103	871222	872250	874269	7	1	-1	1	1119		0
3	15	2	1	1	I	F	875287	875302	876366	877400	879419	8	0	0	1	1064		0
3	16	1	1	0	G	E	880436	880452	883678	884699	886718	8	0	1	1.2	3226	1	
3	17	2	0	1	I	F	887736	887751	891278	892299	894317	8	0	-1	1	3527		0
3	18	1	1	1	E	G	895335	895350	896294	897315	899334	7	1	1	1.2	943	1	
3	19	2	1	0	F	I	900351	900367	901094	902115	904133	7	1	0	1.2	727		0
3	20	1	1	1	E	G	905151	905166	905846	906882	908899	7	1	1	1.4	680	1	
3	21	2	1	0	F	I	909917	909932	910446	911481	913499	7	1	0	1.4	513		0
3	22	1	1	0	G	E	914517	914532	915222	916247	918265	8	0	1	1.6	690	1	
3	23	2	0	1	I	F	919283	919298	919718	920747	922765	8	0	-1	1.4	419		0
3	24	2	1	1	I	F	923784	923798	924303	925330	927348	8	0	0	1.4	503		0
3	25	1	0	0	G	E	928366	928381	928950	929980	931997	8	0	0	1.4	569	1	
3	26	1	1	1	E	G	933015	933030	933558	934579	936597	7	1	1	1.6	527	1	
3	27	2	1	0	F	I	937615	937630	938319	939345	941363	7	1	0	1.6	688		0
3	28	1	1	0	G	E	942381	942396	943038	944062	946079	8	0	1	1.8	641	1	
3	29	2	1	1	I	F	947097	947113	948134	949161	951179	8	0	0	1.8	1021		0
3	30	1	0	1	E	G	952197	952212	952798	953828	955845	7	1	0	1.8	586	1	
3	31	2	1	0	F	I	956863	956878	957446	958478	960495	7	1	0	1.8	567		0
3	32	2	0	0	F	I	961514	961528	962102	963126	965144	7	1	-1	1.6	574		0
3	33	1	1	1	E	G	966162	966178	966654	967678	969694	7	1	1	1.8	476	1	
3	34	1	0	0	G	E	970712	970727	971262	972292	974310	8	0	0	1.8	535	1	
3	35	2	1	1	I	F	975328	975343	975839	976859	978877	8	0	0	1.8	494		0
3	36	1	1	1	E	G	979894	979910	980622	981657	983676	7	1	1	2	712	1	
3	37	2	0	0	F	I	984694	984709	985270	986290	988309	7	1	-1	1.8	560		0
3	38	1	1	0	G	E	989327	989342	990166	991190	993209	8	0	1	2	824	1	
3	39	2	1	1	I	F	994226	994242	994894	995925	997942	8	0	0	2	652		0
3	40	1	1	0	G	E	998959	998975	999678	1000706	1002725	8	0	1	2.2	703	1	
3	41	1	0	1	E	G	1003742	1003758	1004278	1005306	1007324	7	1	0	2.2	520	1	
3	42	2	1	0	F	I	1008342	1008357	1008934	1009956	1011974	7	1	0	2.2	576		0
3	43	1	1	0	G	E	1012991	1013007	1013614	1014639	1016657	8	0	1	2.4	607	1	
3	44	2	0	1	I	F	1017674	1017690	1018854	1019888	1021906	8	0	-1	2.2	1164		0
3	45	2	1	1	I	F	1022926	1022939	1023542	1024571	1026589	8	0	0	2.2	602		0
3	46	1	1	0	G	E	1027607	1027622	1028310	1029338	1031355	8	0	1	2.4	687	1	
3	47	2	1	0	F	I	1032373	1032388	1033046	1034070	1036088	7	1	0	2.4	657		0
3	48	2	1	1	I	F	1037106	1037121	1037670	1038704	1040721	8	0	0	2.4	548		0
3	49	1	0	1	E	G	1041739	1041754	1042718	1043753	1045771	7	1	0	2.4	963	1	
3	50	1	1	0	G	E	1046789	1046804	1047342	1048370	1050387	8	0	1	2.6	538	1	
3	51	2	1	0	F	I	1051405	1051420	1052150	1053185	1055203	7	1	0	2.6	729		0
3	52	2	0	1	I	F	1056221	1056236	1056886	1057920	1059936	8	0	-1	2.4	649		0
3	53	1	1	1	E	G	1060954	1060969	1061790	1062818	1064836	7	1	1	2.6	820	1	
3	54	1	1	1	E	G	1065855	1065869	1066638	1067669	1069685	7	1	1	2.8	769	1	
3	55	2	1	0	F	I	1070703	1070719	1071526	1072550	1074568	7	1	0	2.8	807		0
3	56	1	1	0	G	E	1075586	1075601	1076606	1077633	1079651	8	0	1	3	1004	1	
3	57	1	0	1	E	G	1080669	1080684	1081470	1082499	1084518	7	1	0	3	785	1	
3	58	2	0	0	F	I	1085535	1085551	1086398	1087431	1089450	7	1	-1	2.8	847		0
3	59	2	1	1	I	F	1090468	1090483	1091310	1092332	1094350	8	0	0	2.8	826		0
3	60	1	0	0	G	E	1095368	1095383	1096118	1097150	1099166	8	0	0	2.8	735	1	
Total money won 7
