Participant P047v1visit number -1
Stimuli number 1
Scanner Trigger at time 18000
run_number	trial_number	trial_type	outcome_type	side_type	left_stim	right_stim	stim_onset	choice_onset	interval_onset	outcome_onset	ITI_onset	button_pressed	side_chosen	trial_outcome	total	reaction_time	win_out	loss_out
1	1	2	1	0	H	C	23	31	7761	8801	10814	7	1	0	1	7729		0
1	2	1	1	1	D	A	11843	11864	13161	14197	16213	8	0	0	1	1296	0	
1	3	1	1	0	A	D	17242	17247	21753	22779	24796	8	0	1	1.2	4506	1	
1	4	2	0	1	C	H	25823	25829	29049	30078	32095	7	1	0	1.2	3219		1
1	5	2	1	1	C	H	33126	33145	39537	40567	42578	7	1	-1	1	6391		1
1	6	1	1	0	A	D	43608	43628	44769	45792	47811	8	0	1	1.2	1141	1	
1	7	1	1	1	D	A	48839	48844	51001	52029	54044	7	1	1	1.4	2156	1	
1	8	2	1	0	H	C	55071	55077	58225	59259	61276	7	1	0	1.4	3148		0
1	9	1	0	1	D	A	62305	62326	64073	65109	67126	7	1	0	1.4	1746	1	
1	10	2	1	1	C	H	68154	68159	69073	70108	72125	8	0	0	1.4	913		0
1	11	1	1	0	A	D	73153	73158	74593	75624	77641	8	0	1	1.6	1434	1	
1	12	2	0	0	H	C	78670	78691	79921	80956	82974	7	1	-1	1.4	1229		0
1	13	2	1	1	C	H	84003	84007	85521	86556	88574	8	0	0	1.4	1513		0
1	14	1	0	0	A	D	89602	89607	90665	91690	93707	8	0	0	1.4	1057	1	
1	15	1	1	1	D	A	94734	94740	96825	97855	99873	7	1	1	1.6	2084	1	
1	16	2	1	0	H	C	100901	100906	103377	104405	106422	7	1	0	1.6	2470		0
1	17	1	0	1	D	A	107450	107455	108961	109988	112005	7	1	0	1.6	1505	1	
1	18	2	1	1	C	H	113033	113038	113800	114821	116838	8	0	0	1.6	762		0
1	19	1	1	0	A	D	117866	117871	118689	119720	121738	8	0	1	1.8	817	1	
1	20	2	1	1	C	H	122766	122771	128097	129119	131137	8	0	0	1.8	5325		0
1	21	1	1	0	A	D	132165	132170	133065	134085	136103	8	0	1	2	894	1	
1	22	2	1	0	H	C	137131	137136	139633	140668	142686	7	1	0	2	2496		0
1	23	1	0	1	D	A	143714	143719	145009	146035	148052	7	1	0	2	1289	1	
1	24	1	1	1	D	A	149082	149102	149921	150950	152968	7	1	1	2.2	818	1	
1	25	2	0	0	H	C	153996	154001	154689	155716	157735	7	1	-1	2	687		0
1	26	2	1	1	C	H	158763	158768	161881	162916	164934	8	0	0	2	3112		0
1	27	1	1	0	A	D	165962	165967	166777	167798	169817	8	0	1	2.2	809	1	
1	28	2	1	0	H	C	170845	170850	174153	175181	177200	7	1	0	2.2	3302		0
1	29	1	1	1	D	A	178228	178233	178985	180016	182032	7	1	1	2.4	751	1	
1	30	2	0	1	C	H	183060	183065	183833	184864	186882	8	0	-1	2.2	767		0
1	31	1	1	0	A	D	187910	187915	188641	189667	191682	8	0	1	2.4	725	1	
1	32	1	0	0	A	D	192711	192731	193512	194547	196565	8	0	0	2.4	781	1	
1	33	2	1	1	C	H	197593	197598	198785	199813	201831	7	1	-1	2.2	1187		1
1	34	2	0	0	H	C	202859	202864	204505	205529	207547	8	0	0	2.2	1640		1
1	35	1	1	1	D	A	208577	208597	209529	210562	212580	7	1	1	2.4	931	1	
1	36	2	1	1	C	H	213608	213613	217889	218912	220929	8	0	0	2.4	4275		0
1	37	1	0	0	A	D	221958	221979	222665	223695	225712	8	0	0	2.4	685	1	
1	38	2	1	0	H	C	226740	226745	227937	228960	230978	8	0	-1	2.2	1191		1
1	39	1	1	1	D	A	232006	232011	233209	234243	236261	7	1	1	2.4	1197	1	
1	40	2	1	0	H	C	237289	237294	238273	239293	241311	7	1	0	2.4	978		0
1	41	2	0	1	C	H	242339	242344	243529	244559	246577	8	0	-1	2.2	1184		0
1	42	1	1	0	A	D	247605	247610	248329	249359	251376	8	0	1	2.4	718	1	
1	43	2	1	0	H	C	252404	252409	255616	256642	258659	7	1	0	2.4	3206		0
1	44	1	0	1	D	A	259687	259692	260304	261325	263342	7	1	0	2.4	612	1	
1	45	1	1	1	D	A	264372	264392	264872	265907	267925	7	1	1	2.6	480	1	
1	46	2	1	0	H	C	268953	268958	269760	270790	272808	7	1	0	2.6	802		0
1	47	1	1	0	A	D	273836	273841	274624	275657	277674	8	0	1	2.8	783	1	
1	48	1	1	1	D	A	278702	278707	279624	280656	282674	7	1	1	3	917	1	
1	49	2	0	1	C	H	283702	283723	284824	285855	287873	8	0	-1	2.8	1100		0
1	50	2	1	0	H	C	288902	288906	289840	290872	292889	7	1	0	2.8	934		0
1	51	1	1	0	A	D	293918	293939	295224	296254	298272	8	0	1	3	1285	1	
1	52	1	0	1	D	A	299301	299322	300736	301771	303789	7	1	0	3	1414	1	
1	53	2	1	1	C	H	304817	304838	308256	309287	311305	8	0	0	3	3418		0
1	54	2	1	1	C	H	312334	312354	314336	315370	317387	8	0	0	3	1982		0
1	55	1	1	0	A	D	318415	318420	319304	320335	322354	8	0	1	3.2	883	1	
1	56	2	1	0	H	C	323382	323387	326168	327202	329220	7	1	0	3.2	2781		0
1	57	2	0	1	C	H	330248	330253	331520	332550	334569	8	0	-1	3	1267		0
1	58	1	0	0	A	D	335597	335602	336056	337088	339102	8	0	0	3	453	1	
1	59	1	1	1	D	A	340130	340135	340568	341600	343618	7	1	1	3.2	433	1	
1	60	2	0	0	H	C	344646	344651	345504	346533	348551	7	1	-1	3	852		0
2	1	1	1	0	K	X	351386	351401	354128	355150	357167	7	1	0	1	2727	0	
2	2	2	1	1	N	P	358196	358217	361232	362266	364283	8	0	0	1	3015		0
2	3	2	1	0	P	N	365311	365316	366384	367415	369433	8	0	-1	0.8	1067		1
2	4	1	0	1	X	K	370461	370466	372000	373030	375049	8	0	1	1	1534	0	
2	5	1	1	1	X	K	376079	376099	376904	377931	379949	8	0	0	1	805	0	
2	6	2	1	0	P	N	380977	380982	384288	385312	387331	8	0	-1	0.8	3306		1
2	7	2	1	1	N	P	388359	388364	389617	390646	392664	8	0	0	0.8	1251		0
2	8	1	1	0	K	X	393693	393714	395416	396447	398464	7	1	0	0.8	1702	0	
2	9	2	0	1	N	P	399493	399513	403177	404212	406230	8	0	-1	0.6	3663		0
2	10	1	1	1	X	K	407258	407263	410704	411728	413746	8	0	0	0.6	3441	0	
2	11	2	1	0	P	N	414774	414795	416337	417361	419379	7	1	0	0.6	1541		0
2	12	1	0	0	K	X	420407	420412	421584	422610	424628	7	1	1	0.8	1172	0	
2	13	1	1	1	X	K	425657	425678	427296	428326	430344	8	0	0	0.8	1618	0	
2	14	2	0	0	P	N	431372	431377	433008	434042	436060	7	1	-1	0.6	1631		0
2	15	2	1	1	N	P	437089	437093	437904	438926	440943	7	1	-1	0.4	810		1
2	16	1	1	0	K	X	441972	441976	443288	444309	446326	7	1	0	0.4	1311	0	
2	17	2	0	1	N	P	447354	447359	449048	450075	452092	7	1	0	0.4	1688		1
2	18	1	1	1	X	K	453120	453125	454432	455458	457475	8	0	0	0.4	1306	0	
2	19	2	1	0	P	N	458503	458508	461392	462423	464441	8	0	-1	0.2	2883		1
2	20	1	1	1	X	K	465469	465474	466600	467623	469641	8	0	0	0.2	1125	0	
2	21	2	1	0	P	N	470670	470691	472080	473107	475124	7	1	0	0.2	1389		0
2	22	1	1	0	K	X	476152	476157	477544	478574	480590	7	1	0	0.2	1387	0	
2	23	2	0	1	N	P	481619	481640	483392	484424	486439	8	0	-1	5.55111512312578e-17	1752		0
2	24	2	1	1	N	P	487469	487489	488984	490005	492022	8	0	0	5.55111512312578e-17	1495		0
2	25	1	0	0	K	X	493050	493055	493656	494687	496705	7	1	1	0.2	600	0	
2	26	1	1	1	X	K	497733	497738	498528	499553	501571	8	0	0	0.2	789	0	
2	27	2	1	0	P	N	502600	502604	505856	506887	508904	7	1	0	0.2	3251		0
2	28	1	1	0	K	X	509932	509937	511448	512470	514487	7	1	0	0.2	1511	0	
2	29	2	1	1	N	P	515516	515537	516808	517836	519853	8	0	0	0.2	1271		0
2	30	1	0	1	X	K	520882	520886	521720	522752	524769	8	0	1	0.4	833	0	
2	31	2	1	0	P	N	525798	525819	527472	528501	530519	7	1	0	0.4	1653		0
2	32	2	0	0	P	N	531548	531569	532448	533484	535502	7	1	-1	0.2	879		0
2	33	1	1	1	X	K	536530	536535	537184	538218	540235	8	0	0	0.2	649	0	
2	34	1	0	0	K	X	541263	541284	542408	543433	545451	7	1	1	0.4	1123	0	
2	35	2	1	1	N	P	546479	546484	547592	548616	550634	8	0	0	0.4	1108		0
2	36	1	1	1	X	K	551662	551667	552496	553533	555550	8	0	0	0.4	829	0	
2	37	2	0	0	P	N	556579	556600	558288	559315	561333	7	1	-1	0.2	1688		0
2	38	1	1	0	K	X	562361	562366	563240	564265	566282	7	1	0	0.2	874	0	
2	39	2	1	1	N	P	567311	567332	568224	569248	571265	8	0	0	0.2	891		0
2	40	1	1	0	K	X	572294	572298	572984	574015	576032	7	1	0	0.2	685	0	
2	41	1	0	1	X	K	577060	577081	578104	579130	581148	8	0	1	0.4	1022	0	
2	42	2	1	0	P	N	582176	582181	584592	585612	587631	8	0	-1	0.2	2411		1
2	43	1	1	0	K	X	588659	588664	589360	590396	592414	7	1	0	0.2	696	0	
2	44	2	0	1	N	P	593441	593447	593992	595011	597030	8	0	-1	5.55111512312578e-17	545		0
2	45	2	1	1	N	P	598059	598080	598520	599547	601563	8	0	0	5.55111512312578e-17	440		0
2	46	1	1	0	K	X	602591	602596	603232	604262	606279	7	1	0	5.55111512312578e-17	636	0	
2	47	2	1	0	P	N	607307	607312	608416	609446	611462	7	1	0	5.55111512312578e-17	1103		0
2	48	2	1	1	N	P	612490	612495	614040	615061	617078	8	0	0	5.55111512312578e-17	1545		0
2	49	1	0	1	X	K	618107	618128	618992	620026	622044	8	0	1	0.2	864	0	
2	50	1	1	0	K	X	623072	623077	623992	625026	627044	7	1	0	0.2	914	0	
2	51	2	1	0	P	N	628072	628077	629664	630693	632710	7	1	0	0.2	1587		0
2	52	2	0	1	N	P	633739	633760	634952	635975	637993	8	0	-1	5.55111512312578e-17	1192		0
2	53	1	1	1	X	K	639021	639026	639776	640808	642826	8	0	0	5.55111512312578e-17	750	0	
2	54	1	1	1	X	K	643855	643876	644848	645875	647892	8	0	0	5.55111512312578e-17	972	0	
2	55	2	1	0	P	N	648920	648925	650321	651342	653358	7	1	0	5.55111512312578e-17	1395		0
2	56	1	1	0	K	X	654387	654391	655112	656141	658158	7	1	0	5.55111512312578e-17	720	0	
2	57	1	0	1	X	K	659186	659191	660168	661189	663207	8	0	1	0.2	977	0	
2	58	2	0	0	P	N	664235	664240	667056	668088	670107	7	1	-1	5.55111512312578e-17	2815		0
2	59	2	1	1	N	P	671136	671157	672200	673222	675240	8	0	0	5.55111512312578e-17	1043		0
2	60	1	0	0	K	X	676268	676273	676808	677839	679856	8	0	0	5.55111512312578e-17	535	1	
3	1	2	1	0	I	F	685657	685672	690096	691119	693138	8	0	-1	0.8	4424		1
3	2	1	1	1	G	E	694168	694188	696264	697286	699304	8	0	0	0.8	2076	0	
3	3	1	1	0	E	G	700333	700337	701416	702437	704454	7	1	0	0.8	1078	0	
3	4	2	0	1	F	I	705482	705487	706128	707152	709170	8	0	-1	0.6	641		0
3	5	2	1	1	F	I	710200	710220	711016	712052	714070	8	0	0	0.6	796		0
3	6	1	1	0	E	G	715098	715103	716272	717302	719319	7	1	0	0.6	1169	0	
3	7	1	1	1	G	E	720348	720352	721168	722202	724219	8	0	0	0.6	815	0	
3	8	2	1	0	I	F	725248	725269	726232	727268	729285	7	1	0	0.6	963		0
3	9	1	0	1	G	E	730313	730318	731280	732301	734318	8	0	1	0.8	961	0	
3	10	2	1	1	F	I	735346	735351	736992	738016	740034	7	1	-1	0.6	1641		1
3	11	1	1	0	E	G	741062	741067	741808	742832	744850	8	0	1	0.8	740	1	
3	12	2	0	0	I	F	745879	745900	747624	748649	750667	7	1	-1	0.6	1723		0
3	13	2	1	1	F	I	751698	751716	755496	756531	758549	8	0	0	0.6	3779		0
3	14	1	0	0	E	G	759577	759582	760608	761631	763649	7	1	1	0.8	1025	0	
3	15	1	1	1	G	E	764678	764698	765448	766480	768498	8	0	0	0.8	749	0	
3	16	2	1	0	I	F	769528	769548	770544	771583	773598	7	1	0	0.8	995		0
3	17	1	0	1	G	E	774627	774648	775288	776312	778331	8	0	1	1	640	0	
3	18	2	1	1	F	I	779361	779381	779952	780979	782997	8	0	0	1	571		0
3	19	1	1	0	E	G	784026	784047	784768	785796	787813	7	1	0	1	720	0	
3	20	2	1	1	F	I	788842	788846	789368	790396	792413	8	0	0	1	521		0
3	21	1	1	0	E	G	793441	793446	794496	795529	797546	7	1	0	1	1049	0	
3	22	2	1	0	I	F	798574	798579	799808	800845	802862	7	1	0	1	1229		0
3	23	1	0	1	G	E	803890	803895	804536	805560	807578	8	0	1	1.2	640	0	
3	24	1	1	1	G	E	808609	808628	809648	810677	812694	8	0	0	1.2	1020	0	
3	25	2	0	0	I	F	813724	813744	816752	817775	819794	7	1	-1	1	3007		0
3	26	2	1	1	F	I	820822	820827	821368	822392	824410	8	0	0	1	541		0
3	27	1	1	0	E	G	825438	825443	827192	828224	830243	8	0	1	1.2	1748	1	
3	28	2	1	0	I	F	831271	831276	834896	835923	837942	8	0	-1	1	3619		1
3	29	1	1	1	G	E	838970	838975	842432	843457	845475	8	0	0	1	3456	0	
3	30	2	0	1	F	I	846503	846508	847704	848741	850758	7	1	0	1	1195		1
3	31	1	1	0	E	G	851786	851791	852792	853822	855841	8	0	1	1.2	1001	1	
3	32	1	0	0	E	G	856870	856890	858224	859256	861274	8	0	0	1.2	1333	1	
3	33	2	1	1	F	I	862302	862307	862704	863740	865757	8	0	0	1.2	397		0
3	34	2	0	0	I	F	866785	866806	868184	869204	871223	7	1	-1	1	1377		0
3	35	1	1	1	G	E	872251	872256	874224	875255	877272	8	0	0	1	1968	0	
3	36	2	1	1	F	I	878300	878305	879088	880121	882138	8	0	0	1	782		0
3	37	1	0	0	E	G	883167	883172	883984	885021	887038	8	0	0	1	812	1	
3	38	2	1	0	I	F	888066	888071	892696	893720	895737	7	1	0	1	4624		0
3	39	1	1	1	G	E	896765	896770	899656	900686	902703	8	0	0	1	2885	0	
3	40	2	1	0	I	F	903732	903736	904680	905701	907720	8	0	-1	0.8	943		1
3	41	2	0	1	F	I	908749	908769	909848	910870	912886	8	0	-1	0.6	1078		0
3	42	1	1	0	E	G	913915	913936	914720	915751	917769	8	0	1	0.8	784	1	
3	43	2	1	0	I	F	918798	918818	919856	920883	922902	7	1	0	0.8	1037		0
3	44	1	0	1	G	E	923930	923935	925376	926401	928418	7	1	0	0.8	1440	1	
3	45	1	1	1	G	E	929448	929468	931008	932032	934051	7	1	1	1	1540	1	
3	46	2	1	0	I	F	935080	935100	935936	936965	938984	7	1	0	1	835		0
3	47	1	1	0	E	G	940013	940033	940704	941732	943750	8	0	1	1.2	670	1	
3	48	1	1	1	G	E	944779	944800	945472	946500	948516	7	1	1	1.4	672	1	
3	49	2	0	1	F	I	949545	949549	950504	951531	953549	8	0	-1	1.2	954		0
3	50	2	1	0	I	F	954577	954582	955552	956580	958599	7	1	0	1.2	969		0
3	51	1	1	0	E	G	959627	959632	960176	961198	963215	8	0	1	1.4	544	1	
3	52	1	0	1	G	E	964245	964264	965736	966763	968781	7	1	0	1.4	1470	1	
3	53	2	1	1	F	I	969810	969831	971576	972596	974614	8	0	0	1.4	1744		0
3	54	2	1	1	F	I	975643	975664	976736	977763	979780	8	0	0	1.4	1072		0
3	55	1	1	0	E	G	980809	980830	981448	982480	984496	8	0	1	1.6	617	1	
3	56	2	1	0	I	F	985524	985529	986648	987679	989696	7	1	0	1.6	1118		0
3	57	2	0	1	F	I	990724	990729	991480	992511	994529	8	0	-1	1.4	750		0
3	58	1	0	0	E	G	995557	995562	995944	996977	998995	8	0	0	1.4	382	1	
3	59	1	1	1	G	E	1000023	1000028	1000824	1001860	1003878	7	1	1	1.6	795	1	
3	60	2	0	0	I	F	1004906	1004911	1005848	1006876	1008894	7	1	-1	1.4	936		0
Total money won 4.4
