Participant P051v1visit number -1
Stimuli number 1
Scanner Trigger at time 15000
run_number	trial_number	trial_type	outcome_type	side_type	left_stim	right_stim	stim_onset	choice_onset	interval_onset	outcome_onset	ITI_onset	button_pressed	side_chosen	trial_outcome	total	reaction_time	win_out	loss_out
1	1	2	1	0	C	H	4	14	4292	5330	7346	8	0	-1	0.8	4277		1
1	2	1	1	1	A	D	8366	8379	10820	11863	13878	8	0	0	0.8	2440	0	
1	3	1	1	0	D	A	14896	14911	16076	17107	19127	8	0	1	1	1164	1	
1	4	2	0	1	H	C	20145	20160	21556	22572	24576	8	0	-1	0.8	1395		0
1	5	2	1	1	H	C	25596	25609	28452	29472	31475	8	0	0	0.8	2842		0
1	6	1	1	0	D	A	32503	32508	34708	35737	37741	8	0	1	1	2199	1	
1	7	1	1	1	A	D	38758	38773	40028	41053	43056	7	1	1	1.2	1253	1	
1	8	2	1	0	C	H	44074	44089	45667	46686	48689	7	1	0	1.2	1577		0
1	9	1	0	1	A	D	49706	49721	50780	51802	53821	7	1	0	1.2	1057	1	
1	10	2	1	1	H	C	54839	54854	56436	57467	59470	8	0	0	1.2	1581		0
1	11	1	1	0	D	A	60488	60503	61564	62583	64586	8	0	1	1.4	1060	1	
1	12	2	0	0	C	H	65604	65619	67475	68498	70501	7	1	-1	1.2	1856		0
1	13	2	1	1	H	C	71519	71534	73004	74032	76050	7	1	-1	1	1469		1
1	14	1	0	0	D	A	77068	77083	78620	79646	81649	7	1	1	1.2	1536	0	
1	15	1	1	1	A	D	82667	82682	84011	85029	87032	8	0	0	1.2	1329	0	
1	16	2	1	0	C	H	88050	88065	89708	90727	92731	8	0	-1	1	1642		1
1	17	1	0	1	A	D	93749	93764	95100	96127	98130	8	0	1	1.2	1335	0	
1	18	2	1	1	H	C	99148	99163	100692	101709	103729	8	0	0	1.2	1528		0
1	19	1	1	0	D	A	104746	104762	105996	107025	109028	7	1	0	1.2	1233	0	
1	20	2	1	1	H	C	110046	110061	111684	112708	114710	8	0	0	1.2	1622		0
1	21	1	1	0	D	A	115728	115743	117124	118156	120159	8	0	1	1.4	1380	1	
1	22	2	1	0	C	H	121177	121192	122604	123622	125625	8	0	-1	1.2	1411		1
1	23	1	0	1	A	D	126643	126658	128211	129237	131241	8	0	1	1.4	1553	0	
1	24	1	1	1	A	D	132260	132273	133923	134953	136956	8	0	0	1.4	1649	0	
1	25	2	0	0	C	H	137974	137989	143420	144452	146471	8	0	0	1.4	5430		1
1	26	2	1	1	H	C	147489	147504	149404	150433	152437	7	1	-1	1.2	1899		1
1	27	1	1	0	D	A	153455	153470	154995	156016	158019	7	1	0	1.2	1525	0	
1	28	2	1	0	C	H	159037	159052	160156	161181	163185	8	0	-1	1	1103		1
1	29	1	1	1	A	D	164203	164218	166516	167547	169550	8	0	0	1	2297	0	
1	30	2	0	1	H	C	170568	170583	172852	173879	175883	8	0	-1	0.8	2267		0
1	31	1	1	0	D	A	176900	176915	178275	179295	181298	7	1	0	0.8	1359	0	
1	32	1	0	0	D	A	182317	182331	184620	185645	187647	8	0	0	0.8	2288	1	
1	33	2	1	1	H	C	188665	188680	190668	191694	193713	8	0	0	0.8	1986		0
1	34	2	0	0	C	H	194730	194746	196660	197692	199712	7	1	-1	0.6	1913		0
1	35	1	1	1	A	D	200730	200745	201348	202375	204378	8	0	0	0.6	602	0	
1	36	2	1	1	H	C	205395	205410	206779	207806	209810	7	1	-1	0.4	1368		1
1	37	1	0	0	D	A	210828	210843	212627	213656	215659	8	0	0	0.4	1784	1	
1	38	2	1	0	C	H	216676	216692	218524	219554	221558	8	0	-1	0.2	1831		1
1	39	1	1	1	A	D	222575	222591	226148	227170	229173	8	0	0	0.2	3556	0	
1	40	2	1	0	C	H	230191	230206	232004	233037	235055	8	0	-1	5.55111512312578e-17	1797		1
1	41	2	0	1	H	C	236074	236088	237011	238035	240038	7	1	0	5.55111512312578e-17	922		1
1	42	1	1	0	D	A	241056	241071	242340	243366	245370	8	0	1	0.2	1268	1	
1	43	2	1	0	C	H	246388	246403	247875	248899	250903	8	0	-1	5.55111512312578e-17	1471		1
1	44	1	0	1	A	D	251920	251935	252620	253649	255652	7	1	0	5.55111512312578e-17	684	1	
1	45	1	1	1	A	D	256671	256685	257619	258647	260651	7	1	1	0.2	934	1	
1	46	2	1	0	C	H	261668	261684	263019	264047	266050	7	1	0	0.2	1335		0
1	47	1	1	0	D	A	267068	267083	267859	268880	270899	7	1	0	0.2	776	0	
1	48	1	1	1	A	D	271917	271932	273051	274078	276081	7	1	1	0.4	1118	1	
1	49	2	0	1	H	C	277099	277114	278540	279561	281564	8	0	-1	0.2	1424		0
1	50	2	1	0	C	H	282582	282597	283531	284559	286563	8	0	-1	5.55111512312578e-17	934		1
1	51	1	1	0	D	A	287581	287596	288267	289292	291295	7	1	0	5.55111512312578e-17	671	0	
1	52	1	0	1	A	D	292313	292328	293451	294476	296495	7	1	0	5.55111512312578e-17	1122	1	
1	53	2	1	1	H	C	297512	297527	298548	299573	301577	7	1	-1	0	1019		1
1	54	2	1	1	H	C	302597	302610	303883	304906	306909	8	0	0	0	1273		0
1	55	1	1	0	D	A	307927	307942	308931	309959	311975	7	1	0	0	988	0	
1	56	2	1	0	C	H	312993	313008	313987	315004	317008	8	0	-1	0	978		1
1	57	2	0	1	H	C	318025	318040	318940	319973	321990	8	0	-1	0	899		0
1	58	1	0	0	D	A	323008	323023	323547	324568	326573	7	1	1	0.2	523	0	
1	59	1	1	1	A	D	327590	327605	328043	329068	331072	8	0	0	0.2	437	0	
1	60	2	0	0	C	H	332089	332104	333147	334169	336187	8	0	0	0.2	1042		1
2	1	2	1	0	N	P	340955	340970	346964	347982	349985	8	0	-1	0.8	5993		1
2	2	1	1	1	K	X	351006	351018	354251	355280	357284	7	1	1	1	3233	1	
2	3	1	1	0	X	K	358302	358316	359211	360230	362249	8	0	1	1.2	894	1	
2	4	2	0	1	P	N	363267	363282	365595	366611	368615	8	0	-1	1	2312		0
2	5	2	1	1	P	N	369634	369648	371243	372261	374281	7	1	-1	0.8	1594		1
2	6	1	1	0	X	K	375298	375313	376659	377676	379680	7	1	0	0.8	1345	0	
2	7	1	1	1	K	X	380698	380712	382251	383276	385279	8	0	0	0.8	1538	0	
2	8	2	1	0	N	P	386297	386311	389388	390410	392427	7	1	0	0.8	3075		0
2	9	1	0	1	K	X	393445	393460	395315	396340	398360	8	0	1	1	1854	0	
2	10	2	1	1	P	N	399377	399392	402163	403187	405192	7	1	-1	0.8	2770		1
2	11	1	1	0	X	K	406210	406225	407875	408904	410907	7	1	0	0.8	1649	0	
2	12	2	0	0	N	P	411925	411940	415155	416186	418190	7	1	-1	0.6	3214		0
2	13	2	1	1	P	N	419207	419222	421739	422769	424772	7	1	-1	0.4	2516		1
2	14	1	0	0	X	K	425790	425804	427539	428572	430587	8	0	0	0.4	1734	1	
2	15	1	1	1	K	X	431605	431620	432819	433851	435853	8	0	0	0.4	1198	0	
2	16	2	1	0	N	P	436871	436886	437843	438867	440885	8	0	-1	0.2	956		1
2	17	1	0	1	K	X	441903	441918	442691	443721	445735	7	1	0	0.2	772	1	
2	18	2	1	1	P	N	446752	446767	448227	449246	451250	7	1	-1	5.55111512312578e-17	1459		1
2	19	1	1	0	X	K	452268	452283	453267	454295	456299	8	0	1	0.2	983	1	
2	20	2	1	1	P	N	457317	457332	458572	459595	461598	8	0	0	0.2	1239		0
2	21	1	1	0	X	K	462616	462631	463804	464830	466848	7	1	0	0.2	1171	0	
2	22	2	1	0	N	P	467865	467880	469251	470276	472280	8	0	-1	5.55111512312578e-17	1370		1
2	23	1	0	1	K	X	473298	473313	474339	475360	477379	7	1	0	5.55111512312578e-17	1026	1	
2	24	1	1	1	K	X	478398	478412	479755	480776	482795	8	0	0	5.55111512312578e-17	1343	0	
2	25	2	0	0	N	P	483812	483827	485443	486474	488477	8	0	0	5.55111512312578e-17	1615		1
2	26	2	1	1	P	N	489495	489510	490011	491040	493043	8	0	0	5.55111512312578e-17	501		0
2	27	1	1	0	X	K	494060	494076	494803	495822	497825	8	0	1	0.2	726	1	
2	28	2	1	0	N	P	498843	498858	500595	501621	503624	8	0	-1	5.55111512312578e-17	1736		1
2	29	1	1	1	K	X	504642	504657	505283	506303	508307	8	0	0	5.55111512312578e-17	625	0	
2	30	2	0	1	P	N	509324	509340	510563	511587	513589	7	1	0	5.55111512312578e-17	1222		1
2	31	1	1	0	X	K	514607	514622	517811	518834	520838	8	0	1	0.2	3188	1	
2	32	1	0	0	X	K	521857	521871	523419	524452	526470	7	1	1	0.4	1547	0	
2	33	2	1	1	P	N	527488	527503	528995	530016	532019	8	0	0	0.4	1491		0
2	34	2	0	0	N	P	533037	533052	535139	536165	538168	8	0	0	0.4	2086		1
2	35	1	1	1	K	X	539186	539201	540483	541518	543534	8	0	0	0.4	1281	0	
2	36	2	1	1	P	N	544552	544567	546187	547214	549233	7	1	-1	0.2	1619		1
2	37	1	0	0	X	K	550250	550266	555579	556594	558598	8	0	0	0.2	5312	1	
2	38	2	1	0	N	P	559615	559631	561067	562093	564097	8	0	-1	5.55111512312578e-17	1435		1
2	39	1	1	1	K	X	565115	565130	568203	569225	571229	7	1	1	0.2	3072	1	
2	40	2	1	0	N	P	572247	572262	573675	574690	576695	8	0	-1	5.55111512312578e-17	1412		1
2	41	2	0	1	P	N	577712	577727	580331	581357	583360	7	1	0	5.55111512312578e-17	2603		1
2	42	1	1	0	X	K	584378	584393	585979	587006	589009	7	1	0	5.55111512312578e-17	1585	0	
2	43	2	1	0	N	P	590027	590042	591458	592489	594491	7	1	0	5.55111512312578e-17	1416		0
2	44	1	0	1	K	X	595509	595524	597243	598270	600274	8	0	1	0.2	1718	0	
2	45	1	1	1	K	X	601292	601307	603763	604786	606789	8	0	0	0.2	2456	0	
2	46	2	1	0	N	P	607807	607822	609603	610635	612638	7	1	0	0.2	1780		0
2	47	1	1	0	X	K	613656	613671	615563	616584	618587	7	1	0	0.2	1891	0	
2	48	1	1	1	K	X	619605	619620	622251	623283	625286	7	1	1	0.4	2630	1	
2	49	2	0	1	P	N	626304	626319	627674	628699	630702	8	0	-1	0.2	1355		0
2	50	2	1	0	N	P	631720	631734	633371	634398	636401	8	0	-1	5.55111512312578e-17	1635		1
2	51	1	1	0	X	K	637418	637433	639323	640347	642350	7	1	0	5.55111512312578e-17	1888	0	
2	52	1	0	1	K	X	643367	643382	644275	645295	647299	8	0	1	0.2	891	0	
2	53	2	1	1	P	N	648316	648331	649379	650394	652398	8	0	0	0.2	1046		0
2	54	2	1	1	P	N	653417	653431	653843	654860	656864	7	1	-1	5.55111512312578e-17	411		1
2	55	1	1	0	X	K	657881	657896	658642	659658	661663	8	0	1	0.2	745	1	
2	56	2	1	0	N	P	662680	662696	664171	665192	667195	7	1	0	0.2	1474		0
2	57	2	0	1	P	N	668213	668228	669803	670824	672827	8	0	-1	5.55111512312578e-17	1574		0
2	58	1	0	0	X	K	673845	673860	676827	677856	679860	7	1	1	0.2	2966	0	
2	59	1	1	1	K	X	680877	680892	683099	684121	686125	8	0	0	0.2	2206	0	
2	60	2	0	0	N	P	687143	687158	691619	692636	694640	7	1	-1	5.55111512312578e-17	4460		0
3	1	2	1	0	F	I	701558	701572	706084	707101	709104	8	0	-1	0.8	4511		1
3	2	1	1	1	E	G	710124	710137	715234	716266	718269	7	1	1	1	5096	1	
3	3	1	1	0	G	E	719287	719302	723059	724082	726085	8	0	1	1.2	3755	1	
3	4	2	0	1	I	F	727102	727117	734051	735079	737083	7	1	0	1.2	6932		1
3	5	2	1	1	I	F	738101	738115	741131	742161	744165	7	1	-1	1	3014		1
3	6	1	1	0	G	E	745183	745198	747147	748177	750180	7	1	0	1	1948	0	
3	7	1	1	1	E	G	751198	751213	755106	756126	758129	8	0	0	1	3892	0	
3	8	2	1	0	F	I	759147	759162	761811	762842	764861	7	1	0	1	2648		0
3	9	1	0	1	E	G	765879	765894	766587	767608	769627	7	1	0	1	692	1	
3	10	2	1	1	I	F	770645	770660	772858	773890	775892	8	0	0	1	2198		0
3	11	1	1	0	G	E	776910	776925	778914	779938	781941	8	0	1	1.2	1988	1	
3	12	2	0	0	F	I	782970	782974	785163	786186	788190	7	1	-1	1	2187		0
3	13	2	1	1	I	F	789208	789223	790482	791503	793506	7	1	-1	0.8	1259		1
3	14	1	0	0	G	E	794524	794539	795818	796835	798838	7	1	1	1	1279	0	
3	15	1	1	1	E	G	799856	799871	800835	801851	803854	8	0	0	1	963	0	
3	16	2	1	0	F	I	804873	804887	806659	807682	809686	8	0	-1	0.8	1771		1
3	17	1	0	1	E	G	810704	810719	812939	813966	815969	8	0	1	1	2218	0	
3	18	2	1	1	I	F	816986	817001	818098	819114	821118	7	1	-1	0.8	1096		1
3	19	1	1	0	G	E	822136	822151	823059	824081	826100	8	0	1	1	907	1	
3	20	2	1	1	I	F	827118	827133	830555	831580	833582	8	0	0	1	3421		0
3	21	1	1	0	G	E	834600	834615	835546	836577	838581	8	0	1	1.2	930	1	
3	22	2	1	0	F	I	839599	839614	840875	841894	843897	7	1	0	1.2	1260		0
3	23	1	0	1	E	G	844915	844930	845818	846843	848846	8	0	1	1.4	888	0	
3	24	1	1	1	E	G	849865	849879	850850	851876	853879	8	0	0	1.4	971	0	
3	25	2	0	0	F	I	854896	854911	855754	856775	858778	8	0	0	1.4	842		1
3	26	2	1	1	I	F	859795	859810	861698	862724	864727	8	0	0	1.4	1887		0
3	27	1	1	0	G	E	865744	865759	866890	867907	869926	8	0	1	1.6	1130	1	
3	28	2	1	0	F	I	870943	870958	872426	873454	875458	7	1	0	1.6	1467		0
3	29	1	1	1	E	G	876476	876491	877258	878287	880291	7	1	1	1.8	767	1	
3	30	2	0	1	I	F	881308	881323	882322	883352	885356	8	0	-1	1.6	998		0
3	31	1	1	0	G	E	886374	886389	887706	888736	890755	8	0	1	1.8	1316	1	
3	32	1	0	0	G	E	891774	891788	896386	897417	899420	8	0	0	1.8	4597	1	
3	33	2	1	1	I	F	900438	900453	901642	902666	904670	8	0	0	1.8	1188		0
3	34	2	0	0	F	I	905687	905702	906354	907382	909385	7	1	-1	1.6	651		0
3	35	1	1	1	E	G	910403	910418	911210	912231	914234	8	0	0	1.6	791	0	
3	36	2	1	1	I	F	915252	915267	915986	917014	919017	8	0	0	1.6	718		0
3	37	1	0	0	G	E	920035	920050	920778	921797	923816	7	1	1	1.8	728	0	
3	38	2	1	0	F	I	924834	924849	926186	927212	929215	8	0	-1	1.6	1337		1
3	39	1	1	1	E	G	930233	930248	930754	931778	933781	7	1	1	1.8	505	1	
3	40	2	1	0	F	I	934799	934814	935450	936476	938480	8	0	-1	1.6	635		1
3	41	2	0	1	I	F	939498	939513	940810	941827	943829	8	0	-1	1.4	1296		0
3	42	1	1	0	G	E	944847	944862	945498	946525	948528	8	0	1	1.6	636	1	
3	43	2	1	0	F	I	949546	949561	951338	952358	954361	8	0	-1	1.4	1776		1
3	44	1	0	1	E	G	955378	955393	956314	957340	959343	7	1	0	1.4	920	1	
3	45	1	1	1	E	G	960362	960376	960914	961940	963942	8	0	0	1.4	537	0	
3	46	2	1	0	F	I	964960	964975	965986	967005	969008	7	1	0	1.4	1010		0
3	47	1	1	0	G	E	970026	970041	970778	971804	973807	7	1	0	1.4	737	0	
3	48	1	1	1	E	G	974825	974840	976178	977203	979206	7	1	1	1.6	1337	1	
3	49	2	0	1	I	F	980224	980239	981186	982202	984205	7	1	0	1.6	946		1
3	50	2	1	0	F	I	985223	985238	986226	987252	989254	7	1	0	1.6	987		0
3	51	1	1	0	G	E	990272	990287	990802	991834	993837	8	0	1	1.8	514	1	
3	52	1	0	1	E	G	994855	994870	995946	996966	998969	7	1	0	1.8	1075	1	
3	53	2	1	1	I	F	999987	1000002	1000826	1001849	1003852	8	0	0	1.8	823		0
3	54	2	1	1	I	F	1004870	1004885	1006090	1007115	1009118	8	0	0	1.8	1205		0
3	55	1	1	0	G	E	1010135	1010150	1010947	1011966	1013983	7	1	0	1.8	795	0	
3	56	2	1	0	F	I	1015001	1015016	1015746	1016763	1018766	7	1	0	1.8	729		0
3	57	2	0	1	I	F	1019784	1019799	1020682	1021712	1023715	7	1	0	1.8	883		1
3	58	1	0	0	G	E	1024733	1024748	1025306	1026327	1028331	7	1	1	2	557	0	
3	59	1	1	1	E	G	1029349	1029364	1030082	1031110	1033113	7	1	1	2.2	718	1	
3	60	2	0	0	F	I	1034131	1034146	1035074	1036091	1038096	7	1	-1	2	927		0
Total money won 2.2
